0.000264817 0 0
0.000161293 0.000146871 0
0.000336398 0 0
0.00313872 2.52102e-05 0
0.000255155 0.00021573 0
0.000119014 7.62324e-05 0
0.000204194 0 0
6.57537e-05 6.5386e-05 0
0.000387957 9.97487e-05 0
0.000165873 0 0
4.22943e-05 3.43213e-05 0
0.000110017 2.56171e-05 1.20776e-05
3.42325e-05 2.8616e-05 0
0.00011185 6.56816e-05 0
0.00721527 0.00178213 0
2.56595e-05 0 0
3.20064e-05 0 0
0.0018232 0.000401067 0
0.000233433 2.57805e-05 0
0.000463111 0.000201367 0.000160033
0.000232723 6.2064e-05 0
0.000170732 0 0
2.61109e-05 0 0
0.00576084 0.0001245 0
0.00265598 0.000558476 0.000426552
0.00018563 7.07136e-05 0
1.10178e-05 0 0
0.000103658 0 0
0.000280161 4.23282e-06 0
5.03204e-05 0 0
0.0027683 0.000555652 0
0.000140818 0 0
0.00026289 0.000218411 0
0.000304431 0 0
0.00015562 0 0
0.000392711 0.000234877 0
0.000260872 0.000106672 4.14053e-05
0.00108953 3.53769e-05 3.06487e-05
0.000410662 0.000231598 1.51499e-05
0.000226508 0 0
0.000131696 1.74158e-05 0
0.000340119 7.28985e-05 0
0.000657212 2.23141e-05 0
0.000214248 0 0
0.000618122 4.47986e-05 0
4.69155e-05 0 0
0.000296021 1.35652e-05 0
0.000459462 0.000250406 3.7798e-05
0.000246525 0 0
4.95909e-05 4.67773e-05 4.31492e-05
0.00329292 7.99934e-05 0
0.000122846 1.22443e-05 0
0.00144564 5.26323e-05 0
0.000118489 0 0
0.00017172 0 0
0.000289469 0.000101817 0
0.00153621 0.000758699 0
0.00552231 0 0
0.00429463 0 0
0.000717359 5.07763e-05 1.88867e-05
0.000193826 3.75464e-06 0
0.0542694 0.000186487 0
0.000442976 0 0
0.000455302 6.48804e-06 0
9.36736e-05 6.62384e-05 4.88098e-05
0.000197187 5.61557e-06 0
0.000229921 0.000211396 0
4.30518e-05 0 0
1.97541e-05 0 0
5.21665e-06 0 0
2.87418e-05 0 0
0.000259121 0.000196536 0
0.000101056 0 0
0.000382745 0.000218783 0
4.28345e-05 0 0
1.93162e-05 0 0
0.000316782 0 0
0.000407448 0.000135431 0
0.000557168 0 0
0.000550779 0.000106618 0
0.000153637 0 0
7.83606e-05 0 0
0.000361154 2.21369e-05 0
0.000176941 0 0
0.000260649 0 0
0.000291955 0 0
5.49254e-05 0 0
0.000126293 0 0
0.000322369 0 0
0.000232027 0 0
0.000475524 0.000204249 6.87036e-05
0.00155351 0.000921958 3.46197e-05
0.000195116 0 0
0.000328918 0 0
1.4697e-06 0 0
1.99039e-05 6.57198e-06 0
2.25593e-05 1.95778e-05 9.34267e-06
0.00503941 0 0
0.000652261 1.00782e-05 0
0.00033374 0 0
2.50508e-05 0 0
0.000240119 0 0
7.06342e-05 0 0
0.000230488 3.23891e-05 0
0.000173942 0 0
0.000417596 0.000130036 0
0.000207723 0 0
2.67116e-05 0 0
0.000385728 0.000348975 0
0.000393156 0 0
0.000190973 0.000104244 0
0.000190083 0.000188396 0.000127442
0.000206095 1.21298e-05 0
0.000932062 0.000246694 0.000130007
4.00841e-05 0 0
6.20337e-05 0 0
0.000362585 0.000191594 0
0.000494308 0.000254425 0
0.000455708 0.000172327 0
8.5738e-05 0 0
0.000237043 0 0
0.00043442 0.000111372 0
0.000459505 0.000349895 0.000118093
0.000881297 0 0
7.607e-05 0 0
0.00113195 0.000336584 0
0.000260476 0.000187326 0.000143926
0.000479996 7.51014e-05 0
0.000338571 0.000336159 0.000113542
0.000155996 0.000154631 3.92145e-05
0.000659597 0.000227933 0
0.000625071 0.000128835 0
4.78668e-05 2.28684e-05 0
0.00655062 0.00142886 0
1.73938e-05 0 0
0.000306722 0.000150268 0
0.00018618 6.58318e-05 4.25971e-05
0.00160739 0.000926094 0
0.000962611 0.000178188 0.00011482
0.00026664 0.000240586 0
1.8472e-05 0 0
6.43512e-05 9.32436e-06 0
0.000445206 0 0
0.000756257 0.000588077 9.53653e-05
0.000738098 0.000130395 0
4.78388e-05 0 0
0.000164496 0 0
0.000509982 0.000203271 0
3.7862e-05 0 0
0.000240843 0.000146104 4.42183e-05
0.000437023 0 0
0.000104844 0 0
0.000385645 0.000212499 2.75927e-05
0.000255212 3.50358e-06 0
0.000137357 5.52776e-06 0
0.000124872 0 0
0.000139388 0 0
9.13914e-05 0 0
0.000439344 0.000143094 0
6.79406e-05 0 0
0.000689639 0.000313565 0
0.000197273 0.000101666 0
0.000187224 0 0
0.000109691 0.00010918 0
0.000362917 4.88891e-05 0
0.000112533 0 0
0.000437297 0 0
0.0118244 0.000500426 0.000275044
6.67024e-05 6.00651e-05 2.67721e-05
0.000101103 5.31157e-05 0
0.000268246 0 0
0.000842809 4.21545e-05 0
0.000447428 0.000319393 0
5.69119e-05 4.61655e-06 0
0.000155283 0 0
0.000214496 0.000171296 9.10512e-06
0.000385149 0 0
0.000156648 0.000122252 7.59886e-05
0.00066853 0.000450424 0
0.000203052 3.55287e-05 1.13566e-05
0.000316474 0 0
8.2232e-05 0 0
0.00150632 4.33577e-05 0
0.000282447 0 0
0.00146899 0.000824412 0
0.000207269 0 0
0.000189118 0.000183418 9.15708e-06
8.82333e-05 0 0
0.00059948 0.000106006 0
9.11014e-05 0 0
0.000370037 0.000121687 2.99545e-05
0.000332894 0 0
0.000449094 0.000335843 0
8.7181e-05 0 0
5.47496e-05 0 0
0.000541596 0.000181219 0.000117914
0.000176572 3.30743e-05 0
0.00131873 0.000421913 0
0.000266593 0 0
3.68628e-05 0 0
0.0005178 9.04196e-05 0
5.43165e-05 0 0
9.56549e-05 3.38977e-05 0
3.49761e-05 1.6166e-05 0
0.000126358 5.41569e-05 0
0.000180135 5.10866e-05 0
5.59192e-05 3.25091e-05 1.74912e-05
0.000525254 0.000339056 0
0.0104286 0 0
0.000117515 0 0
0.00143264 0.000392272 5.89689e-06
0.00026653 2.07312e-05 0
0.000168489 0 0
0.00193034 0.00013816 0
0.00170781 0.000380314 0
0.000116244 0 0
0.000372082 0.000144079 0
0.000423677 0 0
8.64235e-05 0 0
0.00297769 0.00100509 0.000398787
0.000493843 0.000272707 0
0.000262511 1.07337e-05 0
0.00014949 0 0
0.000382777 0 0
0.000142636 3.44322e-05 0
6.6483e-05 6.51133e-05 0
4.95367e-06 0 0
0.000183174 0 0
0.000235553 0 0
0.000223812 0.000164659 9.0103e-05
0.000591276 0 0
0.000288389 0 0
0.000880323 0 0
9.14686e-05 0 0
0.000250166 0.000220581 0.000111079
0.00174209 0 0
7.83441e-06 0 0
0.00159764 0.000486082 0
0.000483437 0.000281784 0
0.00016444 0 0
0.00012418 0.000108746 0
0.000377152 0.000319724 7.82843e-06
3.14042e-05 1.13015e-05 0
0.000466941 0 0
3.63121e-05 0 0
0.00118382 0.00031036 0.000106521
0.000984392 0.000776798 0.000327471
0.000267176 0 0
0.00496589 0 0
0.000440924 0.000227725 0
0.000311954 0 0
0.000289548 4.77562e-06 0
0.0002773 2.95864e-05 0
0.0137717 0.000815423 0
0.00045872 0.000184882 0.00015506
0.000265172 6.67514e-05 0
0.000162745 8.9168e-05 5.05876e-05
0.000331601 0.000262288 2.68942e-05
6.78428e-05 1.56288e-05 1.07564e-06
0.000487828 8.09408e-05 1.00417e-05
0.000493772 0.000312459 5.76809e-05
9.59175e-06 0 0
0.000372185 0 0
0.000146851 7.86643e-05 0
3.02402e-06 0 0
7.25004e-06 0 0
0.000191484 0 0
0.000145536 0 0
0.000256766 0 0
7.29039e-06 0 0
2.24135e-05 0 0
0.000563477 0 0
0.00031864 8.28041e-05 0
0.000345634 8.43326e-05 0
0.000260594 0 0
0.000177935 2.41752e-05 0
1.56035e-05 0 0
6.17525e-05 0 0
0.000486731 0.000154036 0
0.000623552 7.55723e-06 0
0.000159811 1.0424e-05 0
0.00181782 0.000136201 0
0.000206544 0.000203432 0
2.88151e-05 0 0
8.07877e-05 0 0
0.000306612 0 0
2.60502e-05 0 0
0.000206865 0 0
0.000269811 0.000129521 0
0.000103616 6.42282e-05 0
0.000438486 0 0
0.000121795 1.84636e-05 0
0.000285846 8.84264e-05 0
0.000285815 7.72163e-05 0
0.000162728 0.000148118 4.00907e-05
0.000631043 0 0
0.000222776 0 0
0.000931608 0.000167732 3.39388e-05
0.0018061 0.000275991 7.70862e-05
0.000221017 5.11772e-05 3.37648e-05
3.90647e-05 0 0
0.000393601 4.48728e-05 2.82029e-05
3.02507e-05 0 0
0.000198253 4.43965e-05 0
0.00514721 0.00212453 7.59405e-05
0.000223725 0 0
0.000432615 0.000141761 0
0.000525975 0.000193712 7.67736e-05
0.000127945 0 0
5.79467e-05 0 0
0.000227157 0 0
0.000237902 9.52038e-06 0
3.73307e-05 0 0
0.00395352 0 0
0.00076761 0 0
0.000547651 4.76325e-05 0
0.000116025 2.98851e-05 0
0.000191002 7.658e-05 0
0.000118679 0 0
0.000585889 0 0
0.000224974 0 0
0.00019845 0 0
0.0008229 0 0
0.000671957 0.000318683 8.36777e-05
0.000239948 8.24595e-05 0
0.000120412 3.98739e-05 0
0.000435072 0 0
0.00029781 0.000208658 0.000148301
0.000164966 0 0
0.000169905 6.25191e-05 0
0.000107663 0 0
0.000699671 0.000544509 0.0002762
0.000137228 0 0
8.61881e-05 0 0
0.000591636 0 0
2.66916e-05 0 0
0.000326574 0 0
0.000221773 5.41281e-05 0
0.000208608 0.000186796 0.000167653
2.23492e-05 0 0
9.24164e-05 1.32547e-05 0
0.000160773 0 0
3.10464e-05 0 0
3.0537e-05 0 0
0.0004597 0 0
0.00477556 0.000518061 0
0.000346177 9.05142e-05 0
0.000739613 6.53801e-05 0
0.000263781 0.000102436 6.12057e-06
0.000122654 0 0
5.13767e-05 0 0
2.33161e-05 0 0
0.00110636 7.33957e-05 0
0.000228507 6.52354e-05 1.06714e-05
0.000199078 6.16501e-05 0
0.00225739 4.34836e-05 0
8.96068e-05 0 0
0.000113265 8.10103e-05 3.89497e-05
0.000258746 0.000195544 0.00010301
0.000490649 0 0
0.000917485 0.000492972 0
0.00111132 0 0
0.00029735 0 0
7.5776e-05 0 0
0.000153681 0 0
0.000359049 3.80107e-05 0
6.17701e-05 0 0
0.000153667 0 0
0.000118128 1.1107e-05 0
0.000353473 4.63123e-05 0
0.000548214 0 0
3.25052e-05 2.16948e-05 0
0.000370794 0 0
0.000329333 2.50517e-05 0
0.000154708 0 0
0.000147328 1.40265e-05 0
0.000572514 0 0
0.000314764 0.000146766 0
9.8363e-05 8.21383e-06 0
0.000133145 0 0
5.92613e-06 0 0
4.40168e-05 0 0
0.000245572 0.000192052 2.83659e-05
0.000405887 0.000286274 0
0.000193139 0 0
0.000224821 0 0
0.00022195 0.000205176 8.6021e-05
0.000222691 0 0
6.6998e-05 0 0
0.00117215 0.000358395 0
0.000554194 2.43239e-05 1.03864e-05
0.00017699 0 0
0.000355172 2.30133e-05 0
0.000570059 0 0
5.94593e-06 0 0
0.000186931 5.00171e-05 0
0.000309213 0 0
0.000322119 0 0
0.000301726 0.000144006 0
2.78816e-05 1.25991e-05 0
0.000227978 7.72368e-06 0
0.00039833 0 0
0.00108797 0.000536331 0.000265289
0.000192481 7.7138e-05 0
3.61958e-05 0 0
0.000728323 0 0
0.000203961 2.06793e-05 0
0.000278588 6.16185e-05 1.92535e-06
0.000157285 2.29982e-05 0
0.000616368 0.000144075 0.000116994
0.000173456 0 0
0.000226449 0 0
0.000299192 0 0
0.000231005 0 0
5.35122e-05 0 0
9.15559e-05 0 0
0.000416883 0 0
0.000183504 0 0
0.000158101 0 0
0.00032665 0 0
0.000156729 8.23021e-05 0
0.000140837 0.000113331 1.84831e-05
0.000182406 0 0
0.00137786 3.49176e-05 0
0.00045554 0.000385045 0
0.000115144 3.71841e-05 0
0.0025664 0 0
0.000211413 0.000154206 8.9503e-06
0.000180337 0 0
0.000330995 0 0
0.00108494 0.000161275 0
1.21855e-05 0 0
0.000151347 0 0
3.11596e-05 0 0
0.000261326 3.82263e-05 0
7.07524e-05 4.20287e-05 0
0.000166587 0 0
0.000168764 0 0
0.000425091 0.000131503 0
0.000177025 0 0
7.31659e-05 0 0
0.000695194 0 0
0.000635541 7.01032e-05 0
0.000165408 0 0
0.000251675 0.000240591 0
0.000299306 6.302e-05 0
5.88584e-05 0 0
9.87227e-06 0 0
0.000153498 0 0
0.000473263 0 0
0.000599814 0.00034989 0
0.0146452 0.000974165 0
7.7892e-05 0 0
0.000115728 0 0
0.000344791 0 0
0.00027045 3.24501e-05 0
8.1663e-05 0 0
0.000514505 0 0
0.00164565 0 0
0.000245443 0.000163014 0
0.000116419 8.54315e-05 0
0.000180219 0 0
0.0004097 0 0
0.00720111 0.00243284 0
0.000219509 0 0
0.000314581 0.000107854 0
0.000108147 1.8354e-05 0
0.000260751 0 0
7.35353e-05 4.93355e-05 0
0.000194814 0 0
3.79411e-05 0 0
9.84144e-05 0 0
0.000737668 7.08362e-05 2.22236e-05
0.000904396 5.97522e-05 0
7.42108e-05 3.29042e-05 8.98401e-06
0.000546014 0 0
0.000105455 9.92759e-05 0
0.000107736 0 0
0.00042854 9.37587e-05 1.98134e-06
0.000300527 0 0
6.18115e-06 0 0
7.00008e-05 4.6996e-06 0
0.00208003 0 0
0.000339408 0 0
0.000270871 8.72005e-05 0
0.000209288 3.34972e-05 7.14088e-07
0.000120311 0 0
0.00103144 0.000678557 0.000133186
0.000216832 3.16035e-05 7.93003e-07
0.000141982 0 0
0.000556384 0.000465324 0.000145548
0.000266278 0.000126198 0
0.00017206 0 0
0.000148534 0 0
0.000683002 0.000569878 1.05559e-05
0.000197719 0.000143544 0
0.000827833 0.000358896 5.76925e-05
0.000500971 0.000141612 0
0.000254024 0 0
0.000577741 0.000263765 4.9574e-05
1.84686e-05 0 0
0.000160684 0 0
0.000132802 0 0
0.000148659 7.07614e-06 0
0.000604238 0.000439861 0.000170038
0.000309836 6.94342e-05 1.72496e-06
0.000133541 0 0
0.00011531 0 0
0.000539144 0.000121735 0
0.000403874 0.000264158 4.08953e-05
0.000129634 4.33221e-05 0
9.10728e-05 0 0
7.11229e-05 5.6101e-05 0
0.00029324 0.000111132 0
0.000185742 5.68608e-05 2.00311e-05
6.95695e-05 0 0
0.000389637 0.000105099 0
0.000282201 0 0
0.000166731 0 0
0.000172185 7.99197e-05 0
0.000411667 0 0
0.000127311 0 0
0.000520035 0.000285491 0
0.000865383 0.000258139 1.93552e-05
0.000323781 0 0
5.54503e-05 0 0
0.000559386 0 0
3.07156e-05 0 0
0.00448895 0 0
0.000469716 0.000263386 0
0.000135717 5.18685e-05 2.65089e-05
0.000278382 0.000151292 2.34102e-05
8.45711e-05 1.85718e-05 0
0.000345968 1.91327e-05 0
0.000328268 0.000251187 0
0.000261043 0 0
0.000421188 4.27147e-05 0
0.000239973 9.29275e-05 0
2.12684e-05 0 0
0.000145522 5.49776e-05 0
0.000843442 0.000319506 0
8.41794e-05 0 0
0.000154906 0 0
8.61565e-05 0 0
0.0027105 0.00163239 0.000467548
0.000819686 0 0
0.000166922 0.000126517 9.52561e-05
0.000623702 0.000172975 0
0.00114605 0 0
0.000353226 0.000290234 4.31521e-05
0.000584889 0.000321674 2.54056e-05
0.000152523 0 0
0.00323138 0.000968975 0.000194944
0.00138534 0.000153875 4.12785e-05
5.30498e-05 2.94876e-05 0
0.000168627 8.79115e-05 0
4.92609e-05 2.93553e-05 0
0.000153236 0 0
0.00736753 0.00300796 0
0.000486258 0.000335472 0
1.09906e-05 0 0
0.000283143 0 0
0.00011986 7.86585e-05 0
0.000707005 0 0
0.000141217 2.79387e-05 0
0.000392808 0 0
0.000109673 6.63618e-05 0
0.000130718 2.80833e-05 0
0.000371912 0.000356534 0.000122993
0.00025403 0 0
0.000164979 0 0
1.016e-05 0 0
0.000442188 0.000424076 0
0.000605969 5.23078e-05 2.1488e-05
0.000211756 5.95677e-05 0
0.00328639 0.000542589 0.000353807
0.000402928 0.000337751 0.000120807
0.00116923 0.000560235 1.09295e-05
0.00496432 0 0
0.000193762 0 0
0.000127259 4.83041e-05 2.45017e-05
0.00128019 0.000565075 0.000286587
0.000806426 0.000100651 7.14483e-05
0.000301195 9.39756e-05 6.0478e-05
0.000178099 0.000139651 0.000115845
9.29421e-05 0 0
6.79909e-05 0 0
0.000209351 0.000133314 0
0.000421629 1.30451e-05 0
0.000321185 0.000100594 8.71957e-05
0.00293494 0.000195979 0
8.93932e-05 0 0
3.55192e-05 0 0
0.000218305 0.00014531 3.03394e-05
0.00105144 0 0
0.000142077 0 0
0.00012402 3.65906e-05 9.53298e-06
0.000437011 0 0
0.00134227 7.80736e-05 2.67762e-05
0.000338566 0 0
0.000180881 0.000127883 0
0.000183833 0 0
0.000333419 0.000294393 2.53701e-05
0.000524489 0.000476105 4.0108e-05
0.000386705 0 0
0.000132862 2.09468e-05 0
2.91412e-05 0 0
0.000507857 0.000271903 4.41284e-05
0.000182586 0.000118387 0
0.000175436 0 0
7.72318e-06 0 0
0.000517407 0.000106989 0
0.000128308 0 0
0.000170593 6.48364e-05 0
0.000680327 4.96572e-05 0
6.21254e-05 5.28168e-05 0
0.000520666 7.41156e-05 6.82843e-05
0.000235017 0.000184215 0
0.000154673 0.000141325 0
0.000874605 0.000149649 0
7.41404e-05 6.73585e-05 0
0.00082354 7.20462e-05 4.22433e-05
3.03871e-05 0 0
0.000253802 0 0
0.000562995 0.000334391 0
0.000221204 6.26084e-05 0
0.000141643 0 0
8.81656e-05 0 0
0.000269389 0 0
4.66789e-05 0 0
0.000167407 0.000133282 0
4.72145e-05 0 0
0.000178542 5.9377e-06 0
0.000108194 9.53431e-05 3.92364e-05
0.000441349 0.00024651 2.14431e-05
4.87986e-05 0 0
0.00013133 5.13138e-05 0
0.000541074 0.000282519 0
2.89245e-05 0 0
0.000987983 0 0
0.000306758 0.000211414 0.000151149
0.000225449 4.93936e-05 0
8.01925e-05 0 0
5.01802e-05 0 0
0.000771559 0.00020511 0
2.19771e-05 0 0
2.37487e-05 0 0
0.000703475 0 0
0.000472871 0.000273798 0
0.000259052 0.000119688 0
0.000135182 9.97058e-05 0
0.000194143 5.84881e-06 0
0.000240952 0.000219441 0
0.000632569 0 0
0.000425339 9.62299e-05 0
6.96142e-05 0 0
0.000160586 1.43623e-05 0
0.000201824 0 0
7.7713e-05 0 0
0.00358426 0.0011913 0.000531217
0.000200138 0.000139058 0
0.000111126 3.20632e-05 0
0.000228895 6.89353e-05 0
0.00238258 0.000189602 0
0.00187295 0.000176763 0
2.30814e-05 0 0
0.000321008 0.000104868 0
0.00026655 0.000123865 1.34046e-05
2.17343e-05 0 0
8.24666e-05 4.32545e-05 0
0.000615186 7.38079e-05 0
0.000297015 4.25131e-05 0
3.85473e-05 0 0
0.000266325 3.67261e-05 0
0.000110704 9.26829e-05 0
6.57702e-05 0 0
0.000645517 0.000418197 5.70088e-05
0.000885852 0.000681002 0
0.000111418 0 0
2.36992e-05 0 0
0.000213288 0 0
0.000467947 0.00045251 0
0.000783686 1.48995e-05 0
0.000100914 0 0
0.000295939 3.91094e-05 0
0.000161449 0.000127801 0
4.4135e-06 0 0
3.76131e-06 0 0
0.000239186 0 0
0.000264836 0.000168492 0.000164919
0.000126182 0 0
0.000118281 0 0
0.000770102 0 0
2.38173e-06 0 0
0.000120085 0 0
0.000101956 0 0
0.000161581 0.00011858 9.59048e-05
0.00119326 0.00104233 0
0.000123668 0 0
0.00371931 0.000348889 0
0.000800737 0.000312354 2.40409e-05
0.000371671 7.0223e-05 0
0.000200333 0 0
0.000171473 0 0
0.00041257 0.000158144 0
0.000217326 6.41524e-05 0
0.00143697 0.000373226 4.19628e-05
0.000259102 0 0
0.000337765 0 0
0.00038659 0.000177148 0.000102051
0.00111349 0 0
0.000349697 0.000233373 0.000165543
0.000202985 0.000156224 9.70827e-05
1.59453e-05 0 0
0.000301401 4.77265e-05 0
0.000112491 3.80487e-05 3.20875e-05
7.45739e-06 0 0
0.000216343 0 0
1.37236e-05 0 0
0.000313425 0 0
0.000369099 0 0
0.000160312 0 0
0.000380475 0 0
0.000105891 0 0
0.00012393 0 0
0.000236093 0 0
0.000195996 0.000134854 9.59909e-05
0.000288877 0 0
0.000203501 3.77517e-05 2.18795e-05
0.000216817 0 0
4.51109e-05 0 0
7.72369e-05 0 0
0.000341067 0 0
0.000106045 7.3189e-05 1.47036e-05
0.000180019 0 0
0.000206994 3.17534e-06 0
0.00743606 0.000694457 0.00025813
0.000133823 0 0
0.000103267 0 0
0.000610218 0.000141437 0
0.000604565 4.12925e-05 0
0.000321125 6.65239e-05 0
0.000166275 0.000134965 0
0.000187103 0 0
0.000516576 0.000304538 0
6.19577e-05 0 0
7.46148e-05 1.8021e-05 0
0.000100455 0 0
8.64699e-05 0 0
0.000267675 0 0
3.7346e-05 0 0
0.000149088 0.000106621 0
0.000108361 0 0
0.000172831 8.45e-05 0
5.00508e-05 0 0
4.82246e-05 0 0
0.000616281 0 0
0.000227344 0.000184313 0
0.000183048 8.37189e-05 0
3.54391e-05 0 0
0.000571335 0 0
0.000154963 0.000130112 0
0.00135948 0.000291492 3.52359e-05
0.00195123 0.00011101 0
0.000317104 6.5053e-06 0
0.000221798 0 0
0.000596425 0 0
0.000340218 0.000331811 0.000142952
8.05787e-05 0 0
0.00368186 0.0028633 0.00232294
2.4812e-05 0 0
0.000135741 0 0
0.000285284 7.57021e-05 0
1.2856e-05 0 0
0.000143963 0 0
9.68137e-05 0 0
0.00036951 0.000132644 0
8.95362e-05 7.23835e-05 0
0.000425121 0.000238164 0
0.00524106 0.00242434 0
0.00063801 0.000310124 3.16181e-05
0.000405539 0 0
0.000179593 0 0
0.000168287 0 0
0.000445598 0.000245137 0
0.000815184 0.000792085 4.883e-05
0.000272836 0.000216977 0
1.68508e-05 0 0
0.000289334 0 0
3.78956e-06 0 0
0.000449016 7.55884e-05 1.40731e-05
6.01526e-05 4.79494e-07 0
0.000262372 0.00017616 0.000161733
0.00022544 0.000104681 0
2.44451e-05 0 0
0.000150977 0 0
0.000307884 9.54772e-05 0
0.00109933 7.7103e-05 0
0.000168116 0 0
0.000474688 0.000280774 6.63021e-05
0.000218484 3.10679e-05 0
0.000129554 3.39309e-05 0
0.000480043 0 0
0.000393613 0.000349512 0
0.000253641 7.47275e-06 0
0.00240676 0.000169194 0.000126879
5.28419e-05 0 0
0.000212703 5.67076e-05 0
3.99431e-05 0 0
0.000696083 0.000660657 0
1.7423e-05 1.00484e-05 0
0.000106894 0 0
2.47816e-05 0 0
0.00153575 0.000503064 5.53994e-05
2.22624e-05 0 0
0.000267455 0.000147934 4.43071e-07
0.000127592 0 0
0.000592775 0.000156724 0
0.000255279 0 0
0.000182007 0 0
1.21642e-05 0 0
0.000171743 6.8991e-05 0
7.89568e-05 0 0
0.00602966 0.00311991 0.000762577
0.000173858 0.000131612 0.000124135
0.000418311 0 0
0.000335728 0.00021189 0
0.00054614 0.000343338 0
0.000741444 0.000237962 6.53372e-05
0.000276271 4.57199e-05 7.53874e-06
0.000140673 3.53728e-05 0
0.000120253 0 0
6.01349e-05 0 0
5.77927e-06 0 0
0.00036822 0.000102794 6.63326e-05
0.000122091 4.50911e-05 0
3.84945e-05 0 0
0.000120508 0 0
0.000242009 0 0
0.000284582 0 0
0.000110472 8.03908e-05 0
4.1321e-05 0 0
4.00988e-05 2.68938e-06 0
0.000360848 1.77545e-05 0
0.000145128 0 0
7.50295e-05 0 0
0.000571032 0.000363017 0
5.89006e-05 2.10735e-05 0
4.0041e-05 0 0
0.0011571 0.000799593 1.90864e-05
0.000213673 6.1115e-05 5.78366e-05
1.01005e-05 0 0
0.000284589 2.61593e-05 0
0.010368 0.00609476 0
7.68355e-06 0 0
0.000200529 8.44984e-05 0
0.0017139 0.000428374 0.000416892
0.000346898 0 0
0.000348649 4.90486e-05 0
6.86789e-05 5.33512e-05 0
0.000295318 0 0
3.84952e-05 0 0
7.10463e-05 6.42053e-05 0
0.000237141 0 0
0.000462606 4.30673e-05 0
0.000308845 0 0
0.000171232 1.37333e-05 0
0.000335642 0 0
0.000484164 0 0
0.000107767 0 0
0.000143149 0 0
7.02923e-05 3.48906e-05 0
0.000107179 0 0
0.000351268 0.000102708 0
0.00132494 8.9315e-05 0
0.000106861 0 0
6.99712e-05 3.3678e-05 0
9.06101e-05 4.38823e-05 0
0.000122108 0 0
0.00343357 0.000230326 0
0.000231406 2.49869e-05 0
0.000171788 0 0
0.00286696 0.000127841 0
3.67415e-05 0 0
0.000808607 0.000305526 6.08567e-06
6.75031e-05 5.83865e-05 0
0.000531252 0 0
0.00018898 8.81129e-05 6.69411e-05
0.000532739 0.000324874 0
0.0010923 0 0
0.000193539 0 0
3.8483e-05 0 0
3.83675e-05 1.03733e-06 0
5.41803e-05 0 0
3.3977e-05 0 0
0.00010243 5.49215e-05 0
0.000102236 4.91309e-05 0
0.000394741 0 0
2.20956e-06 0 0
5.06485e-05 0 0
0.000423184 0 0
2.36862e-05 0 0
4.13986e-05 0 0
0.000340158 9.11982e-05 0
0.000357839 0 0
0.000133615 1.14477e-06 0
0.000382753 0.000162884 0
0.000132136 4.9021e-05 0
0.000226498 2.94316e-05 0
0.00116781 0.000560673 0
3.92691e-05 0 0
0.000136162 0 0
0.000271442 0 0
0.00034958 0.000244792 0.00022662
0.000119516 0 0
0.000186081 0 0
0.000305796 0 0
0.000261478 0 0
8.14461e-05 0 0
0.000304488 4.37172e-05 0
2.31384e-05 0 0
0.00120002 0 0
0.000188158 2.89675e-06 0
5.07504e-05 0 0
0.000819697 0.000242546 0
0.000280325 6.67944e-05 0
7.92102e-05 0 0
0.000283241 0 0
0.000137296 0 0
0.000158565 0 0
0.00279651 0.000237581 2.54968e-05
0.000108706 5.06992e-05 0
0.000110941 0 0
0.000336446 0 0
0.000931464 0.000225334 8.83529e-05
0.000154216 0 0
1.44386e-05 0 0
0.000130634 8.86316e-05 0
0.00041451 2.54546e-05 0
0.000141618 0 0
0.000408523 5.93024e-05 0
0.000228463 0 0
0.000244062 0 0
0.000353203 0 0
0.00124634 0.000408357 0.00010806
4.40894e-05 0 0
3.00339e-05 9.8398e-06 0
6.28565e-05 0 0
9.77108e-06 0 0
0.000177009 0.000112425 0
0.000610105 1.29894e-05 0
0.000146959 0 0
2.84893e-06 0 0
0.000693814 6.47146e-05 1.34479e-05
0.000200047 0 0
0.000383566 0 0
0.000175153 4.15682e-05 0
0.000788226 0.000294729 2.55451e-05
8.17802e-05 2.05731e-05 0
0.000138868 0 0
9.98136e-05 0 0
0.000238639 0 0
0.000284794 1.68219e-06 0
3.43745e-05 2.39431e-05 0
0.00011237 9.03729e-05 0
0.000216728 0 0
0.0002904 5.58085e-05 0
0.000247617 0.00015916 0
0.000315064 0.000204144 0
0.00176527 6.43943e-05 0
0.00013895 0 0
0.000553128 0.000203809 0
0.000146151 0 0
0.00954552 0.00502377 0.00097303
0.000327121 4.0498e-05 3.04863e-05
0.000160948 0 0
0.000181552 1.10714e-05 0
0.000356899 0 0
0.00362495 0.000585557 0.000338072
0.000446057 0.000145339 1.56349e-05
0.0134422 0.000315739 0
0.000215395 0.00013439 2.26825e-05
0.000120937 0 0
0.000612706 0.000339957 4.01107e-05
0.000916989 0 0
0.000107059 5.82325e-05 0
0.000249894 0 0
1.35068e-05 0 0
0.000353527 0 0
0.000118067 0 0
3.81938e-05 1.54127e-06 0
0.00217725 0 0
0.000925226 9.39912e-05 6.17107e-05
3.4494e-05 0 0
0.000141567 0 0
0.00032057 0.000311548 0
0.000181719 3.89072e-05 0
0.000242227 0 0
0.000890826 5.96615e-05 0
0.000297908 5.55099e-05 7.68918e-06
0.000274456 1.53492e-05 0
1.98182e-05 0 0
0.000138582 6.04097e-05 0
3.71146e-06 0 0
6.53413e-05 0 0
0.00031855 0 0
0.000208925 0 0
7.18376e-05 0 0
0.00944968 0 0
8.65452e-05 0 0
0.000421218 0 0
0.000920147 0.000195363 6.02012e-05
0.000200058 3.97807e-05 0
0.00041632 6.09598e-05 0
0.000116347 9.30513e-05 0
0.000309335 0.000142297 0
6.47996e-05 0 0
0.000170315 0 0
0.000345769 0.000193418 0
1.18352e-05 0 0
0.000157711 0 0
0.000470205 4.32715e-07 0
0.000571177 0 0
0.000267481 0 0
0.000187668 0 0
5.3139e-05 2.844e-05 0
0.000363918 3.01129e-05 0
0.000271069 0.000105229 0
0.000222203 0 0
0.000110369 0 0
0.000387516 0.00028997 1.37809e-05
0.00362035 0.000834852 0
0.000227258 2.22326e-05 0
0.000399302 0.000104343 8.57731e-05
0.00222234 0.00195758 0
0.000115295 0 0
6.08931e-05 0 0
0.000324285 0 0
0.00029568 0 0
7.97226e-05 0 0
0.00331138 0.00211131 0.000442029
0.000276491 5.40352e-05 0
0.000112604 0 0
0.000291004 0.000278017 0
0.00116525 0.000241379 2.24295e-05
0.000326774 0.000151256 0
0.000256457 0 0
0.000239224 4.37406e-05 0
0.000280065 0.000206548 0
0.00115797 0.000876333 0
0.000911103 3.57031e-07 0
0.000255106 0 0
0.000501526 0 0
0.000391354 9.08679e-05 0
7.59971e-05 0 0
0.000119036 0 0
0.000113231 0 0
0.000181886 4.24128e-05 0
0.00181628 0.000603895 0.000447496
0.000189425 0 0
0.000340018 0 0
0.00653422 0 0
0.000473079 0 0
0.000508957 0.000172011 0
0.000116795 0 0
0.000192278 0.00014938 0
0.00237097 0 0
0.000246347 0.000114903 0.000113492
0.000440108 0 0
9.98178e-05 0 0
7.92857e-05 0 0
0.000228496 0 0
0.000469435 2.54614e-05 0
0.000126357 0 0
0.000395117 0.000247207 6.68328e-05
0.000151304 0.000138082 0
8.22568e-05 0 0
3.30011e-05 0 0
0.000663609 0.000150362 3.82406e-06
0.000123574 0 0
0.000298994 0 0
0.000129343 0 0
0.000348235 0.000172921 0
8.80782e-05 0 0
0.00377956 0.000743837 0
0.00189909 0.000185768 0
0.000446062 0.000152584 0
0.000227096 0.000148968 0
0.000892659 0 0
4.90684e-05 0 0
2.72231e-05 1.26915e-05 0
9.99198e-05 0 0
7.20912e-05 0 0
0.000386424 0.000296979 4.99431e-05
0.000210616 0 0
0.000497486 0.000439429 0.000195558
5.5092e-05 0 0
0.000509879 1.62864e-06 0
0.00123615 6.83567e-05 0
0.000128294 0 0
0.000373477 0.000222396 8.23578e-05
0.000769737 1.42569e-05 0
0.000143583 0.000123854 5.07265e-05
6.05951e-05 2.56841e-05 0
0.000109387 6.82061e-05 0
0.000320216 0 0
0.000157412 0 0
0.00104369 0.000223451 0.000217519
0.000155857 0 0
0.000379203 4.7236e-05 0
0.000186205 2.53904e-05 0
0.000379166 0.000300361 0.000198074
0.0045266 0 0
5.08493e-05 0 0
0.00021266 0 0
3.43489e-05 0 0
0.000602391 1.23867e-05 0
0.000355212 0 0
6.20948e-05 0 0
3.92543e-05 0 0
0.000320252 3.54797e-05 0
3.16515e-06 0 0
7.7957e-05 0 0
0.000140745 2.98293e-06 0
0.000257462 0.000126146 8.07535e-05
4.14142e-05 0 0
1.73085e-06 0 0
3.25411e-05 0 0
3.27806e-05 0 0
9.79821e-05 0 0
0.00885099 0.000783717 0.000214562
7.74168e-05 0 0
0.000190724 0 0
0.000307381 8.79713e-05 2.97011e-05
0.000160215 0 0
0.000230303 0 0
0.000355512 0 0
0.000207613 0 0
0.000184735 0 0
0.000269282 5.66763e-05 8.99614e-06
0.000105108 2.09554e-05 0
0.000329392 0.000305833 7.77044e-05
0.000118056 0 0
0.000425514 0.000168136 0.000162607
2.79755e-05 1.12423e-05 0
5.78208e-05 0 0
0.00130957 0 0
0.000454525 0.000201446 0
0.000374032 0 0
0.000751042 0 0
0.000223898 0.000156201 0
0.000680938 8.05555e-05 0
9.06883e-05 1.87051e-05 0
0.000442136 3.6192e-05 0
0.000248484 0 0
9.41975e-05 3.96049e-05 2.52928e-05
0.000118908 0 0
0.000293507 0 0
9.91647e-05 0 0
0.000348241 0.000236407 0
0.000210716 0 0
0.000269274 0 0
0.000249777 3.69554e-05 0
8.32328e-05 0 0
0.000421582 3.20254e-05 0
0.000143239 0.000138672 0
0.000133025 0 0
0.000113736 0 0
0.000234914 0.000141287 0
5.61436e-05 0 0
3.55652e-05 0 0
2.87886e-05 0 0
8.55874e-05 0 0
0.000512657 0.000235496 0.000113321
0.000446381 0.000258355 0
1.56238e-05 0 0
0.000243415 7.13631e-05 0
0.000166283 8.79779e-05 0
0.000127787 0 0
5.05359e-05 0 0
0.000218201 0.000115954 0
2.94353e-05 0 0
8.93203e-05 3.35368e-05 0
6.81591e-05 0 0
0.000124507 2.15413e-05 2.12034e-05
3.95906e-05 0 0
0.000319871 0 0
0.000516434 0 0
4.68495e-05 0 0
0.000403657 7.73814e-07 0
0.00139813 0 0
3.5769e-05 0 0
0.000182674 6.28152e-05 3.46918e-05
0.000204673 0 0
0.000354773 3.7206e-05 0
0.000148823 0 0
0.000113952 1.55969e-05 0
0.000484816 0.000401053 1.23973e-05
0.000908755 0.000506297 8.45304e-05
0.000277429 8.30835e-06 0
0.00126855 0.000660071 0.000494373
0.000104566 0 0
0.000294193 0 0
0.000140257 0 0
7.94421e-05 0 0
0.00024777 0.000107547 0
2.7192e-06 0 0
0.0011255 0 0
0.000425171 0 0
0.00113585 0.000281867 1.72915e-05
0.000240691 4.50616e-05 0
0.0035263 0 0
0.000124333 0 0
0.000109595 0 0
0.000111368 0.000107394 0
2.58033e-05 0 0
0.000220046 0 0
0.000581315 4.13624e-05 0
0.000112459 0 0
0.000364028 0.000152413 0.000121084
0.000253938 0.000213106 0.000103882
0.000175734 0 0
0.000340141 0.000337479 9.62374e-05
2.44882e-05 0 0
0.000139108 1.40564e-05 0
2.88007e-06 0 0
4.88262e-05 0 0
6.92012e-05 0 0
0.000343052 0.000127731 0
0.000157649 0.000117464 0
0.00272897 0 0
0.000345946 6.22822e-05 0
0.00034732 0 0
0.000441924 5.47539e-05 0
0.000168824 0 0
0.000410718 8.20822e-05 6.94896e-05
0.000971966 0 0
0.000190767 0 0
0.00167386 0.000797348 0
0.00766499 0.000472295 0.000109264
8.84283e-05 0 0
0.000961449 0.000690597 0
0.001694 8.64442e-05 1.92264e-05
0.00036534 7.2291e-05 4.0224e-05
0.000103146 0 0
0.000357126 0 0
0.000762495 5.41989e-05 0
0.000484747 0.000303982 0
0.000574603 0.000112391 9.25762e-05
8.16418e-05 4.14587e-05 1.56627e-05
3.72641e-06 0 0
2.77479e-05 0 0
0.000216262 0 0
2.33157e-05 2.0028e-05 0
4.06171e-05 0 0
0.000393792 6.21546e-05 0
0.000444825 2.19663e-05 0
0.000185871 0 0
0.000111477 0 0
0.000307699 0.000171513 0.000113977
1.2585e-05 0 0
0.000119897 0 0
6.60444e-07 0 0
7.53427e-06 0 0
0.000873072 0.000201771 0
0.00018491 0 0
0.000560282 0.000154382 1.48597e-05
0.000131609 5.60377e-05 0
0.000586576 0.000254295 3.26585e-05
0.000222832 0 0
9.96572e-05 0 0
0.00307465 0.00017503 0
0.00071374 0 0
1.7803e-05 0 0
0.00209967 0.000867852 0.000388221
0.00057643 0.000167969 0.000160442
0.000172737 0.000121343 0
0.000143525 5.41782e-05 4.66041e-05
0.000242893 0.000232195 5.3069e-05
8.66385e-05 0 0
0.000171419 0 0
0.00023077 0 0
0.000462556 9.97502e-05 0
3.8626e-05 0 0
1.55741e-05 0 0
0.000127815 1.0358e-06 0
0.00152698 0.000759277 0
0.000308224 0 0
3.04659e-05 0 0
0.000284386 0 0
4.31223e-05 0 0
0.000258581 6.5247e-06 0
0.000204871 0.000108819 2.86392e-05
0.000244962 0.000193646 0
0.00016425 8.17612e-05 0
0.00370937 1.12845e-05 8.68528e-06
0.00325064 0.00111332 0.000571356
0.000303855 0.000220852 0
0.000320382 0 0
0.00104148 0.000102027 2.45672e-05
0.000176926 0.000140236 0
7.59996e-05 0 0
0.000739412 0.000554476 0
0.000207963 0 0
0.000321194 0.000285003 8.38295e-06
5.27227e-05 3.16637e-05 0
6.04475e-05 0 0
0.000279561 0.000220265 0.000139698
0.000165631 0.0001318 0
0.000262111 0 0
0.000787214 0.000202473 0
0.000225945 0.000130404 0
0.00020332 5.46553e-05 0
0.00011296 3.13547e-05 0
1.72636e-05 0 0
0.000764606 0 0
6.67883e-05 6.16806e-05 0
0.000205689 0.000115896 0
0.00019156 1.42019e-05 0
0.000178067 0 0
0.000313919 4.3846e-05 0
0.000152954 0 0
0.00061433 7.02623e-05 0
6.52592e-05 0 0
0.000174308 0 0
0.000482003 0 0
0.000614964 0.000183212 0.000138987
0.00160928 0.000314506 8.77874e-05
0.000657235 4.75854e-05 0
0.000192192 0 0
0.000220835 0 0
0.000933381 0.000385063 0
0.000162176 0 0
0.00440437 0.000776893 5.0305e-05
0.000177629 0 0
0.00017935 0.000104363 5.64097e-05
0.000271194 5.91527e-05 0
9.53584e-05 0 0
0.000538809 0 0
6.76267e-05 0 0
0.000153057 0 0
0.000263316 0.000153529 3.33686e-05
9.37739e-05 8.81128e-05 5.7967e-05
0.000119789 1.55409e-05 0
2.50325e-05 0 0
8.58564e-06 0 0
6.99755e-05 0 0
0.00112171 0 0
6.69259e-05 0 0
0.000431979 2.64431e-05 0
0.00380422 0 0
5.86124e-05 4.25594e-05 0
4.35584e-05 9.28699e-06 0
0.000360611 0.000358957 0
0.000484025 0.000366416 0
0.000159263 1.71623e-05 0
0.000637788 0.000368854 6.46817e-05
6.78709e-05 0 0
5.05704e-05 0 0
0.000983938 1.22148e-05 0
0.000172492 5.74076e-08 0
0.000613752 0.000197204 0
8.18574e-06 0 0
0.00054665 3.07025e-05 0
0.000456459 0.000124051 0
9.60766e-05 4.70172e-06 0
0.000234474 0 0
0.000111797 0 0
0.000191876 0 0
1.23865e-05 0 0
0.000347432 0.000108529 3.85085e-05
0.000309135 0.000160579 0
6.04068e-05 0 0
0.000333223 2.97774e-05 0
8.29536e-05 0 0
0.00108063 0.000403132 0
0.000192433 0 0
0.000478158 3.55736e-05 0
0.000288036 0 0
8.83723e-05 5.50016e-05 0
8.36261e-05 0 0
0.000232551 0 0
0.00109839 1.77521e-05 0
0.000475335 0 0
0.00111322 0 0
0.00301699 0.00102055 0.000456373
5.78827e-05 0 0
0.000192364 1.87278e-05 0
0.000141881 6.38981e-06 0
0.000410272 3.09589e-05 0
0.0001905 0 0
0.000195701 0.000123259 4.65679e-05
0.00290402 0 0
0.00112055 0.000669825 0
0.000130871 0 0
0.000306946 0.000164603 5.60198e-05
0.000167979 4.96327e-05 1.41386e-05
0.000413488 0 0
0.000232962 0 0
4.50441e-05 0 0
4.91806e-05 0 0
0.000517539 0 0
6.60022e-05 0 0
0.000323388 0 0
0.000136563 0 0
0.000180741 0 0
0.000395254 0.000318353 2.48699e-05
0.000129038 7.28087e-05 0
2.34895e-05 0 0
0.000101959 0 0
0.000105994 0 0
7.19634e-05 0 0
0.000285981 0 0
0.000341322 1.46036e-05 0
0.000396209 0 0
0.000342562 0 0
4.23356e-05 0 0
0.000206806 0 0
0.000186183 4.30926e-05 0
3.45658e-05 0 0
6.6933e-05 6.37505e-05 0
0.000715872 0.000565343 3.41857e-06
0.000145627 8.2683e-05 0
0.00238454 0.00103245 0.000511601
6.92785e-05 2.76034e-05 9.27292e-06
0.000248722 0 0
0.00182895 5.31128e-05 0
4.89051e-05 0 0
0.000291539 1.91925e-05 0
0.000174644 0.000138951 0
4.16386e-05 0 0
0.000671334 0.000448345 0
0.000137601 0 0
0.000198104 0.000103913 6.91451e-05
0.000167443 0.000125761 8.8694e-05
7.34154e-05 0 0
1.2448e-05 4.77257e-06 0
0.000265537 0.000144789 0
2.13251e-05 0 0
4.82674e-05 0 0
0.000325971 4.52233e-05 0
0.00252121 0.000351705 0
0.000153506 0 0
0.000123987 0 0
2.57298e-05 0 0
0.00014819 9.18397e-06 0
0.000272278 0.000124732 1.07256e-05
3.90302e-05 0 0
0.000137467 0 0
4.13925e-05 0 0
2.88201e-05 0 0
0.000179322 0.000135783 0.000111794
4.7555e-05 4.08489e-06 0
0.000706416 0 0
0.000262437 3.97902e-05 0
0.00030371 0 0
0.00184566 0.000304243 8.87425e-05
0.00013063 0 0
0.000414522 0 0
0.000195221 2.69622e-05 0
0.000211273 0.000148351 0
0.00017879 0 0
8.11167e-05 0 0
5.50171e-05 3.49766e-05 0
0.000123537 0 0
0.000143638 8.50499e-05 0
0.00105715 0.000177476 0
0.000719101 8.80611e-05 0
0.000196665 0 0
0.000453251 0 0
0.000191002 0.000164987 0.000101534
0.000174965 0 0
0.000231684 0 0
0.000121496 0 0
0.000236233 0 0
0.000138904 8.91546e-06 0
0.000325021 6.96249e-05 0
0.000881766 4.85261e-05 3.87521e-05
0.000461066 5.93776e-05 4.50394e-05
2.54535e-05 0 0
0.000262021 0 0
6.87521e-05 0 0
0.000128668 0 0
5.42023e-05 0 0
9.09776e-05 0 0
0.000197054 0 0
0.000252162 0.000108899 0
0.000142531 0 0
5.10658e-05 0 0
0.000543835 0 0
0.000102186 0 0
0.000350107 0 0
0.000254112 0.000116616 0
0.00409818 0 0
9.47073e-05 8.12339e-05 0
0.000237562 0 0
0.000467103 0.000264579 9.35627e-05
1.06801e-06 0 0
0.00012029 0 0
0.000279477 0 0
0.000368602 4.42746e-05 0
0.000157351 0 0
0.000186503 0 0
3.72865e-06 0 0
0.000227277 0 0
0.000172226 1.35446e-06 0
0.000522632 0.000467443 0.000201838
0.000712363 0.000657552 0
0.000293298 0 0
0.000188387 0 0
0.00040002 0 0
0.000402915 2.28496e-05 0
0.000179044 0 0
3.85643e-05 1.2243e-05 0
0.00381218 0 0
0.00218311 0.000468729 0
0.000135308 9.78895e-05 0
7.82515e-05 5.98925e-05 0
0.000116454 3.67292e-05 0
0.000756252 0 0
0.000134653 1.87035e-06 0
0.000185541 0.000115028 0
2.07489e-07 0 0
0.000136484 0 0
0.000255703 2.37179e-05 0
0.00361165 0.00298574 0.000483056
6.05875e-05 0 0
0.000901178 0.00021295 0
0.00682257 0.00379098 0.000459047
0.000327624 0 0
0.000194513 0.000190242 2.10505e-05
0.00024552 5.15104e-08 0
0.000166994 0 0
0.000209299 0.000197627 0
0.000167911 2.48506e-05 0
8.59038e-06 0 0
0.000121422 3.88906e-05 0
0.000178873 0 0
0.000106764 0 0
1.1783e-05 0 0
0.000112856 5.20377e-05 2.44592e-05
0.00209445 0.000797076 0.00039725
0.00173881 0.000197988 0
0.000117957 2.29834e-05 0
0.000280169 0 0
0.000392773 0 0
9.03687e-05 0 0
0.000551991 0 0
2.78463e-05 0 0
0.000141685 6.44229e-06 0
0.000189836 0.000171828 0
3.4494e-05 0 0
6.74998e-05 0 0
0.000612648 0.000265521 0
0.000545883 0.000112201 0
0.000203791 0 0
0.000436257 2.16719e-05 0
1.01749e-05 0 0
0.000386938 0.000169084 0
2.98424e-05 0 0
0.00013699 0 0
3.07275e-05 5.50685e-06 0
0.000184115 0.000109936 0
9.21911e-05 0 0
0.00184124 0.000379753 0
0.0056873 0 0
0.000446929 1.75814e-06 0
0.00085429 0 0
0.000380404 6.51229e-05 0
0.000137303 0 0
0.000298464 0.000265428 0
0.000561245 0.000247899 0.00015041
0.00016962 0 0
0.0015681 0 0
6.2345e-05 0 0
8.7489e-05 2.79934e-05 0
2.4323e-05 0 0
0.000302798 0.00013373 0
0.000239094 0.000172874 0
0.000198644 0 0
7.61421e-05 3.03588e-05 0
7.77694e-05 0 0
0.000282326 3.56435e-05 0
0.00257448 0 0
0.000287929 0 0
0.000823253 0.000819299 1.57621e-06
0.000921853 2.20545e-05 0
0.00012956 0 0
0.000300044 0 0
0.0049355 0.00125809 0.000873817
0.000148187 0 0
0.000461 0 0
0.000294106 0 0
0.000109834 3.96204e-05 0
0.000428851 0 0
0.000272619 8.03995e-05 2.30815e-05
0.000250582 0.000183298 8.67002e-06
0.00059687 0.00043627 0
0.0003774 0.000211605 0.000133171
0.000152755 0 0
0.00054116 0 0
0.000166745 6.83961e-05 0
0.000594843 0.000175633 0
0.00183401 0 0
0.00131634 0.000411532 0
0.00177208 0.000792664 0.0002549
0.000143636 0 0
0.00040816 8.09346e-05 0
0.000278381 0 0
1.46004e-05 0 0
8.06191e-05 4.76392e-05 0
0.000195059 2.96135e-05 0
0.000631315 3.84312e-08 0
3.27254e-05 0 0
5.61745e-05 0 0
0.000344465 0.000160327 0
0.000171977 0.000138574 0
0.000191156 5.38699e-05 0
0.000581408 0.000254372 0.00025319
0.000363186 0.000329865 7.47697e-05
8.77806e-05 0 0
0.000116847 6.80151e-05 0
0.000206702 0 0
0.00028741 4.024e-05 2.07965e-06
7.15995e-05 0 0
0.000178365 4.48058e-05 0
2.73725e-06 0 0
9.013e-05 0 0
0.000144774 0 0
0.000296047 3.55927e-05 0
0.000104557 5.67858e-05 0
6.51348e-05 0 0
0.000250085 2.72345e-05 0
0.00010088 1.37882e-05 0
0.000148348 0 0
0.0115572 6.356e-05 0
4.22716e-05 2.47416e-05 0
1.45114e-05 0 0
0.000327909 0.000320432 0.000186452
8.24079e-05 0 0
0.000505334 0 0
0.000207429 0.000185351 0.000117448
0.000163502 0 0
7.15705e-05 0 0
8.40844e-05 0 0
4.807e-05 0 0
0.000267911 0 0
3.5065e-05 3.38242e-05 0
6.74644e-05 3.04377e-05 0
8.94186e-05 0 0
0.00322638 0.00112426 0.000127303
0.000203647 0.000180804 0
6.53289e-05 5.38783e-05 0
0.000567288 9.9046e-05 0
0.000287989 4.91176e-06 0
0.000244103 0 0
7.97721e-05 8.26903e-06 0
0.000141281 0 0
0.000210119 1.28767e-05 0
0.000252592 0 0
5.54546e-05 0 0
0.000147977 0 0
0.000924915 2.32798e-05 0
0.000600384 0.000377816 0
0.000188458 0 0
0.000389229 0.000214839 0.000143816
0.000100409 0 0
5.29878e-05 0 0
6.18288e-05 0 0
0.000121996 0 0
0.000105866 0 0
0.000200286 7.52526e-05 0
0.000128323 0 0
3.21493e-05 1.72949e-05 0
0.00272233 0.000168417 0
2.49018e-05 0 0
0.0002973 0.000138076 0
0.00118309 0.000339269 7.1266e-06
3.27976e-06 0 0
0.000569339 0.000203488 6.93447e-05
5.46434e-05 0 0
7.19852e-06 0 0
0.00010233 7.89253e-05 0
0.000289367 0.000267218 0
0.000132197 0 0
0.000147895 0 0
0.000219317 7.81174e-05 0
3.89598e-05 0 0
0.00127857 3.61118e-05 3.33627e-05
0.000651356 0.000175405 0
0.000187885 3.99512e-05 0
0.000148272 5.32437e-05 0
0.00114121 0.000410787 0
0.00511603 0.000712115 0.000599206
0.000269337 0 0
2.3385e-05 0 0
0.00115651 0.000619593 0
0.000145678 6.49568e-05 0
0.00127298 0.000965689 0
0.000117221 0 0
0.000163666 0 0
0.000213425 2.32859e-05 0
0.000384769 0 0
0.000233945 0 0
0.00424317 0.000972098 0.000436382
7.89261e-05 0 0
1.54845e-05 0 0
0.000107153 0 0
0.00372157 3.15315e-05 0
0.000197102 0 0
0.00646951 0.00191405 0
0.000379344 0.000116149 6.01549e-05
0.000495019 0.000452187 0.000220247
0.0141905 0.000749619 2.8556e-05
0.000159195 0 0
0.000298789 9.77665e-06 0
0.000236776 6.35907e-05 5.89829e-06
0.000412038 0 0
0.00017694 0 0
0.000246465 0 0
0.000185274 8.12215e-05 0
0.000180043 0.000136686 0
2.68136e-05 0 0
0.000183227 6.22712e-05 0
0.000106909 8.54464e-05 0
7.52482e-05 0 0
0.00110255 0.000219472 1.9271e-05
0.00106192 8.1359e-05 5.60791e-05
0.000951413 0 0
4.34329e-05 0 0
0.000994535 0.000179199 0
0.000183704 0.000151797 0
0.00142271 0 0
3.33797e-05 0 0
0.000160209 0.000156633 0
0.000185285 0 0
3.59101e-06 0 0
5.46546e-05 0 0
6.94809e-05 0 0
5.96266e-05 0 0
9.73489e-05 0 0
0.000215514 0 0
0.000453212 0 0
0.000896262 9.70792e-08 0
0.000152833 0 0
0.000197272 0 0
0.000449727 0 0
0.00031584 0.000194049 0
0.000430795 7.39685e-05 5.14157e-05
0.000128875 9.77174e-05 0
0.00034426 0.000200329 0.000151293
5.69644e-05 0 0
0.000420045 0 0
0.000906788 0 0
0.000108183 3.94689e-05 0
0.00138906 0 0
0.000846904 5.32832e-05 0
5.50981e-05 1.71328e-05 0
0.000478787 0.000103466 5.04322e-05
0.00285861 4.22858e-05 0
7.92426e-05 0 0
1.87246e-05 0 0
0.0103727 0.0030148 0.00274785
0.000814555 0.000226328 0
0.00160814 4.86214e-06 0
0.000471037 4.035e-05 2.35253e-05
0.000215407 0 0
0.000162531 0 0
0.000421701 0.000156369 3.63916e-05
0.000285718 0.000108526 8.80333e-05
6.30543e-05 0 0
0.00015693 0.000152594 9.16953e-05
0.000901489 0.000814954 0
1.60634e-06 0 0
3.91677e-05 0 0
2.20097e-05 0 0
9.58321e-05 0 0
0.000159892 0.000114846 0
0.000127154 7.76919e-05 0
0.000329445 0.000131256 0
0.000486816 0.000123416 0
0.00011291 4.28146e-05 0
0.000221807 0 0
0.000172539 0 0
0.000489881 0 0
0.000311982 0 0
1.09364e-05 0 0
0.000242546 6.03112e-05 0
0.000250154 0.000122794 0
8.85019e-05 1.76614e-05 0
7.61413e-05 3.07452e-05 2.48823e-05
1.79216e-05 0 0
4.81437e-05 0 0
1.23143e-05 0 0
0.000425313 5.36936e-05 0
0.000204407 8.20897e-05 4.20476e-05
0.000107014 7.57583e-05 0
0.000178367 0 0
0.00024754 0 0
1.59141e-05 0 0
0.00010367 0 0
2.15947e-05 0 0
7.89141e-05 0 0
0.000433808 2.41347e-05 2.06102e-05
0.000165714 1.0796e-05 0
0.000223932 0 0
0.000229634 0 0
5.31207e-06 0 0
0.000105381 0 0
0.00148426 0.000477911 9.77158e-06
7.10767e-05 0 0
0.000528831 0 0
0.000437918 0 0
0.000770076 0.000444613 0
7.67912e-05 4.5708e-05 0
2.46308e-05 0 0
0.000380813 0 0
0.000398991 1.03696e-05 0
0.000310069 0.000106567 0
4.33906e-05 0 0
6.20422e-05 0 0
0.00118048 0 0
0.000101539 0 0
0.000427802 0 0
7.55834e-05 0 0
0.000423983 4.4157e-05 3.71117e-05
7.83238e-05 0 0
0.000127442 8.29589e-06 0
0.000236537 7.33125e-05 0
0.000375231 0 0
3.46491e-05 1.15225e-05 0
8.88165e-05 0 0
0.000180409 0 0
0.000289402 0.000182056 0
8.62819e-05 0 0
0.000268254 0 0
0.000322559 0 0
0.000193358 0.000178938 0
4.87875e-05 0 0
0.000377202 3.39502e-05 0
0.000228047 3.17402e-05 0
0.000157889 8.15276e-05 0
0.000290027 0 0
0.000198858 3.20881e-05 0
0.000323116 0 0
0.00117239 0.000405343 0.000121645
4.29743e-05 9.92522e-06 0
0.000109591 0 0
0.000580274 0.000188487 5.21609e-05
0.000134074 0 0
0.00129404 0.000205293 0.000199424
0.00012137 0 0
0.000142558 5.53556e-05 0
0.00334928 0.000577812 0.000563424
0.000282862 0 0
0.000229032 3.86283e-05 0
0.000660601 0.000203193 1.15579e-06
0.000205116 0 0
0.000453148 0.000410755 0
0.000241237 1.79643e-06 0
0.000287735 2.2461e-05 0
0.000152997 0 0
0.000317717 0 0
0.00030853 0 0
0.0015891 0.000282868 0
0.000290947 0.000129984 0
3.96321e-05 2.73586e-05 0
0.000591075 0.000382928 0.000199747
0.000105735 8.18013e-05 0
0.00023232 2.46174e-05 0
0.000132147 6.48611e-05 0
0.00728851 0.0045103 4.14582e-05
4.88253e-05 0 0
5.88976e-05 6.23583e-06 0
8.69664e-05 4.09912e-05 0
0.00015024 0.000142464 0
0.000248644 0 0
0.000796795 3.80034e-05 0
0.0011798 0 0
0.000204423 0 0
0.000278169 0 0
1.80974e-05 0 0
0.00151184 0.00109652 0.000462341
0.000180393 0 0
0.000964143 0.000766633 3.4402e-06
0.00128015 0.000104281 0
5.66949e-05 0 0
0.000207144 0 0
7.28685e-05 0 0
3.01069e-05 0 0
0.000341941 0 0
0.000223388 0.000203504 0
7.33224e-05 0 0
6.60662e-05 0 0
0.000152397 0 0
0.00011621 0 0
0.000667632 0 0
0.000125377 8.0192e-05 0
0.000196466 0 0
0.00052433 0.000422277 0
5.9926e-06 0 0
0.000109468 1.19391e-05 0
0.000149145 0 0
0.011479 0.000295907 0
0.000247184 0 0
0.000129205 6.84116e-05 0
0.000129716 0 0
0.00153404 0.000571747 0
0.000116183 0 0
0.000810909 6.77189e-05 3.4702e-05
0.000350683 9.28737e-06 0
5.4709e-05 0 0
0.000159129 0 0
5.34722e-05 0 0
0.000131924 0.000126905 0
0.000585514 0.000549788 9.77974e-05
0.00017419 0 0
7.25066e-05 5.69557e-05 0
0.000283732 0 0
0.000133298 1.63055e-06 0
0.000205757 8.08147e-05 0
3.96465e-05 0 0
0.00201362 0.000269897 0.000163755
0.000253345 0 0
0.000121234 6.45493e-05 0
0.000137139 0 0
0.000244577 0 0
0.000232536 0.000192229 4.46833e-05
0.00135159 0.000373675 4.33914e-06
0.000379666 0 0
0.000514739 0 0
0.000219663 0 0
0.000492713 0 0
0.000264613 0 0
0.000143645 0 0
5.01317e-05 0 0
0.000733724 0.000250959 0
0.000268492 9.74206e-05 0
0.000101129 0 0
0.000137146 0 0
0.000691133 2.84244e-05 1.55163e-06
0.0018457 7.89275e-05 0
0.000132474 0 0
0.000586803 7.64653e-05 0
0.000223447 9.25498e-05 7.55669e-05
2.14117e-05 0 0
3.67013e-05 0 0
0.000224984 0 0
0.000111248 0 0
9.44808e-05 0 0
0.000126242 0 0
0.000748485 0.000317643 3.27334e-05
0.000166762 0.000164646 0
8.90995e-06 0 0
7.76313e-05 0 0
0.00131342 0 0
0.000210854 0 0
0.00152686 0.000930812 0
0.000337316 4.79499e-05 0
0.000248588 6.22188e-06 0
0.000106287 0 0
1.55636e-05 8.20972e-06 0
0.000384713 4.57266e-05 0
0.000132274 2.62422e-05 0
0.001285 0 0
0.000930459 0.000121342 0
0.00014606 6.63239e-05 5.28717e-05
0.00264255 0 0
0.000308181 0.000148743 0
0.000198547 3.14429e-05 0
5.23345e-05 0 0
8.73772e-05 6.74876e-05 0
0.00014047 0 0
4.18514e-05 0 0
0.00068061 2.26995e-05 0
0.00133479 0.000332013 5.67267e-05
0.000936511 4.26652e-05 0
0.000247464 0 0
6.81885e-05 0 0
0.00044912 0.000345311 2.90935e-05
0.000109148 3.7426e-05 0
2.56962e-05 1.71665e-05 0
0.000508293 0.000223751 0
0.000215111 0 0
0.000990913 4.2429e-05 0
7.58244e-05 8.56378e-06 0
0.000101924 0 0
0.000334688 1.62563e-05 3.21524e-06
0.000453518 0 0
3.87145e-05 0 0
0.00211634 0.000535733 6.06579e-05
0.000256654 8.59411e-05 0
0.000476133 0.00014318 0
3.50433e-06 0 0
6.70473e-05 0 0
5.70965e-05 0 0
0.000140099 1.95787e-05 0
5.35453e-05 0 0
9.78754e-05 0 0
0.000179543 0.00012205 0
0.00013115 0 0
0.00238752 0 0
2.82378e-05 0 0
0.000428754 0 0
6.2448e-05 0 0
0.000388983 0.0002831 0
0.000678796 0.000165319 3.44829e-05
0.000134224 2.21196e-05 0
0.000505533 0.000407801 5.70352e-05
4.65796e-05 0 0
0.000388759 0 0
6.38259e-05 0 0
0.000818515 0.00018471 0
0.000192455 6.04191e-05 0
0.00014197 0 0
0.000116345 0 0
4.09271e-05 0 0
0.000142958 8.89391e-05 0
5.58489e-05 0 0
0.000327364 3.20487e-05 0
9.38638e-05 0 0
0.00361441 8.71943e-05 2.98733e-05
0.000253818 0.000218312 0
0.000141925 0 0
0.000114069 0 0
0.000639865 7.16094e-05 0
0.000185711 8.34215e-05 0
0.000295837 0 0
0.00027774 0 0
6.15589e-05 0 0
0.000459942 0 0
1.81098e-05 0 0
9.39396e-06 0 0
0.000305246 0.000197121 0
0.000347676 0 0
0.000255853 0 0
5.73065e-05 0 0
1.06405e-05 0 0
1.22471e-05 0 0
0.000152744 8.12509e-05 0
0.000547385 3.52858e-05 2.78131e-05
8.87246e-05 5.31981e-05 0
0.000303195 0 0
0.000201429 0 0
0.000181822 0 0
0.000130104 0 0
0.00527493 0.000163181 0
0.000713371 0.000137797 0
0.000276953 0 0
9.48949e-05 7.90225e-05 0
0.00011891 0 0
0.000205687 0 0
0.000201836 0.000124694 0
0.000141419 5.6815e-05 4.81419e-05
0.000149529 3.07022e-05 0
0.000723483 0 0
0.000286321 0.000118557 1.61943e-05
0.000353197 0 0
0.00022853 0 0
7.87634e-05 0 0
0.00176794 0.00117294 0.000148874
0.000648427 7.00495e-05 0
0.000331332 0.000300245 4.30733e-06
0.000210482 0 0
0.00208188 0.000881936 0.000139691
0.000247717 0.000155383 1.72845e-05
0.00480321 0.00017089 0
3.87104e-05 0 0
0.00017959 0 0
0.000333569 0.000128229 0
7.21701e-06 0 0
0.00017597 4.95226e-05 0
1.54261e-05 0 0
0.000860054 0 0
3.71779e-05 0 0
0.000305947 0 0
0.0028215 0.000151895 0
0.000370294 0 0
0.000240124 0 0
0.000380731 9.73126e-05 0
0.000222065 0.000168097 0
0.000210781 0.00015126 0
0.000522504 6.19738e-05 0
0.000213222 0.000147604 0.000110118
0.000128803 0 0
0.000229865 6.83485e-05 4.68605e-05
0.000450872 0 0
0.000337035 0 0
0.00349699 0.000221959 0
2.83121e-05 5.64931e-06 0
4.78771e-05 0 0
0.000354652 0.000302937 8.99828e-05
0.000364736 5.42692e-05 0
0.000175415 0 0
0.00222292 7.14449e-05 0
0.000289678 0 0
0.000730558 0.000223242 0
1.00361e-05 0 0
0.000106991 0 0
0.000128688 9.86459e-05 6.39927e-05
1.39851e-05 0 0
0.000215948 0.000105611 0
0.000119644 3.39287e-05 0
5.80389e-05 3.83299e-05 0
0.000444274 0 0
0.000266662 0 0
0.000507992 0.000440568 9.64517e-05
0.000239163 0 0
5.67355e-05 0 0
0.0036588 0.000396247 0.000144403
0.000216413 1.20796e-05 0
5.08569e-05 0 0
0.000151888 6.1581e-06 0
9.44051e-05 0 0
7.25683e-05 0 0
0.000769299 0.00034888 1.60847e-05
0.000566556 0 0
5.1523e-05 0 0
0.000419251 0.00025197 5.62978e-05
0.000236238 8.521e-05 0
0.000121768 7.94276e-05 0
0.000336245 1.88092e-05 0
5.20556e-05 0 0
0.000593815 0 0
0.000233929 0 0
1.24985e-05 0 0
5.27759e-05 2.80631e-05 2.29615e-05
3.75923e-05 2.51324e-05 1.76453e-05
0.00011564 0 0
6.10274e-05 0 0
0.000153976 0 0
0.000161876 0 0
3.89186e-05 0 0
9.17079e-05 0 0
0.000317162 0.000179869 4.03239e-05
0.000388532 2.66041e-06 0
0.00103988 0 0
5.52188e-05 0 0
0.000257109 0 0
3.40413e-05 0 0
0.000347237 0.000106484 0
3.73228e-05 0 0
0.000185965 0 0
0.000432346 0 0
0.000450055 0.000332969 0
0.000741345 0.000640622 1.24558e-05
6.79671e-06 0 0
0.000151795 0.000144608 0.000111616
0.000933042 0.000316656 0.000281569
0.000304778 0.000292699 6.40357e-05
0.000518773 2.2577e-05 7.85146e-06
0.000163357 0.000123152 0
0.000132357 5.75382e-06 0
0.000393958 1.29279e-05 0
0.000114757 2.55284e-05 0
1.27636e-05 0 0
0.00202119 0.00153466 0
0.000448073 0 0
0.000163468 0.00012134 0
7.78232e-05 0 0
0.000198712 0 0
9.65014e-05 0 0
0.000399988 8.21055e-05 0
0.000249426 0 0
7.95284e-05 0 0
0.000130716 0.000104422 6.90316e-06
0.000724436 0.000188359 0
5.97625e-05 0 0
0.00135212 0 0
0.000212905 0.000127513 0
3.08325e-05 0 0
9.15005e-05 0 0
0.00018599 0 0
0.000152453 0 0
0.000410895 0 0
5.52023e-05 0 0
0.000286286 0 0
0.000913935 0.00011875 0
8.7288e-05 0 0
0.00178854 0.000722877 0.000647958
0.000314779 0.000188534 0
8.76566e-05 5.94718e-05 0
7.58589e-06 0 0
0.00349967 0.00128068 0.000169165
6.38555e-05 0 0
0.000255407 0.000191937 0
0.000128855 0 0
3.65085e-05 0 0
3.21702e-05 0 0
0.00203116 0.000367144 0.000185768
1.02481e-05 0 0
0.00433514 1.73859e-05 8.59874e-06
0.000133297 0 0
0.000261549 3.04136e-05 1.94124e-05
3.64494e-05 0 0
0.000403817 0.000238543 0
0.00361293 0.0015073 0.000993002
0.000193629 2.69052e-06 0
0.00110239 0.000664241 0.000491777
0.000218607 0 0
0.000239859 0 0
7.09007e-05 0 0
0.00020006 0 0
0.000507888 0.000133944 0
0.000337841 0.000103032 6.35357e-05
0.000269126 0.000166223 0
0.000938674 0.000137876 2.15473e-06
0.00330737 0.000426785 0
0.00023225 0 0
0.000260668 0 0
0.000365287 1.80269e-05 0
0.000170393 0 0
9.68955e-06 0 0
0.000128173 5.79682e-05 0
0.000162327 0 0
0.000175137 1.63675e-05 7.13056e-06
7.18105e-05 0 0
0.000204507 2.06476e-05 0
3.89974e-05 0 0
0.000674318 0.000134978 0
0.000117612 5.53695e-05 0
0.000305101 6.10175e-05 5.07616e-05
0.000203963 0 0
0.000134369 6.29236e-05 0
7.59387e-05 6.26164e-05 0
0.0020973 8.83472e-05 0
0.000193434 4.00965e-05 3.59829e-05
0.00147532 0.00044571 0
7.92761e-06 0 0
0.00144049 0.000219456 0
0.000784494 0.000413636 6.3407e-06
5.69554e-05 0 0
0.00292953 0.00147312 0
0.00259668 0 0
0.000272692 0.000139261 0
1.37413e-05 0 0
0.000752165 0.000383158 5.61996e-05
0.000632416 0.000200352 3.37679e-05
5.336e-05 5.44642e-06 0
0.00020795 0 0
0.000144498 0 0
0.000450316 8.17187e-05 0
3.76724e-05 0 0
0.000230341 0.000106871 0
0.000174502 0 0
1.79653e-06 0 0
0.00012792 0 0
7.57187e-05 0 0
9.32069e-05 0 0
0.00046208 0 0
0.00028793 6.52825e-05 0
0.000184382 0.00013753 4.40528e-05
0.00100266 0 0
0.000125637 0 0
0.00111596 0.000746096 0.000139128
0.000117921 0 0
0.000224976 3.24185e-05 0
0.00013401 0 0
0.00033173 0.000241414 0
0.00486354 0 0
0.000331208 0.000302076 7.95117e-05
0.000262869 6.25185e-05 0
0.00011476 0 0
0.000221882 0 0
0.000124071 0 0
0.000144137 0 0
0.000120246 8.06311e-05 0
0.000182827 0.000168294 0
0.000114106 0 0
0.00352359 0 0
9.79476e-05 3.33208e-05 2.76452e-05
0.000263653 0 0
0.000173768 0.000150266 9.88384e-05
0.000585644 0 0
0.00245737 0 0
0.00011164 0.000107618 0
0.000185886 0 0
0.00107111 0.000412226 0
0.000690171 0.000338051 0
0.000188479 8.84511e-05 0
0.000708147 0 0
0.000191377 0 0
1.60112e-05 0 0
0.00241334 0.000295755 0
0.00129517 0.000879766 0.000286372
0.000161289 7.47012e-05 0
0.000183384 0 0
0.000437737 2.72335e-05 1.49512e-05
0.0124499 0 0
0.000192536 0.000164895 0
0.000866087 0 0
0.000310914 0.000215074 3.55182e-05
0.000357293 0 0
0.000101894 0 0
5.67869e-05 0 0
0.000407192 4.57924e-05 0
0.000112188 0.000101705 0
1.62981e-05 0 0
0.00129834 0 0
6.18054e-05 0 0
1.62513e-05 0 0
0.000497368 0.000223778 9.56579e-05
0.000400204 4.44621e-05 0
0.00013535 0 0
5.97696e-05 0 0
1.73032e-05 0 0
0.000182217 0.000170509 0.000165953
0.000701263 0.000164181 0
3.749e-06 0 0
8.59081e-05 0 0
0.000250255 3.31664e-05 0
9.6852e-05 0 0
0.000104615 0 0
3.7939e-06 0 0
0.000124451 0 0
0.000214404 1.43616e-08 0
0.000494063 2.11476e-05 0
0.000290953 0.000159143 0
0.000582367 6.25535e-07 0
0.000311946 0 0
8.91483e-05 0 0
0.00851007 0.00162933 0
3.38094e-05 0 0
8.66418e-05 0 0
0.000143832 0 0
5.01554e-05 0 0
0.00353725 0.000306502 0
0.000157646 0 0
3.53374e-05 0 0
0.000180961 0.000137213 0.000113368
0.000173408 0 0
0.000333751 0 0
9.64579e-05 0 0
0.000394754 0.000102284 5.57317e-05
0.000180787 0 0
0.000189365 4.17757e-05 0
0.00030524 0 0
0.000168013 0 0
0.000599429 0 0
5.07331e-06 0 0
0.000111153 0 0
0.00011074 3.81383e-05 0
0.000371133 0 0
0.000437494 1.32725e-05 0
0.000803882 0.000101578 0
3.12163e-05 0 0
7.26299e-05 0 0
0.000868098 0.000109565 5.07953e-05
7.37063e-05 2.12531e-05 0
0.000216909 2.82852e-06 0
0.000216519 6.12605e-05 0
8.67416e-05 0 0
1.04595e-05 0 0
0.000373529 8.29298e-06 0
0.000596808 0.000361078 0.000323101
0.000316108 0.000141095 0
0.000245393 0 0
7.59365e-06 0 0
0.00013365 0 0
0.000134928 7.20627e-05 0
0.000716566 0 0
0.000643344 0.000200104 0
5.72155e-05 0 0
1.30395e-05 8.97992e-06 0
7.9351e-05 1.89168e-05 0
5.73479e-05 0 0
0.000207372 0.000124596 9.09755e-06
0.000223225 0 0
0.000346147 7.76337e-05 0
0.000160845 5.86932e-05 1.91722e-05
0.000115428 0 0
0.000107168 0 0
0.000383919 2.05778e-05 0
0.000281779 0.000160679 0
0.000120471 0 0
3.33857e-05 0 0
0.00020149 4.67964e-05 0
0.0001621 0.000151889 0
0.000733078 0 0
4.59539e-05 0 0
0.00508859 0.000360847 0
0.00055161 4.39795e-06 0
0.000184841 0 0
0.000600139 4.84759e-05 0
0.000956079 0.000432771 0
0.000106758 5.29595e-05 2.94012e-05
0.000249319 0 0
0.00641039 0 0
0.000195341 0 0
0.00043902 0.000437122 0
0.00980522 0.00505957 0.000686188
0.000183306 0 0
0.000429734 0.0001978 4.44036e-05
0.000300254 5.45074e-05 0
6.26259e-05 0 0
0.000145928 0 0
0.000157466 5.64416e-05 0
1.95424e-05 0 0
0.000119408 1.41206e-05 0
0.000406903 9.92418e-05 0
0.000212465 0 0
0.0011763 0.000141003 8.12753e-05
0.00026082 0 0
0.000557606 7.28078e-05 0
0.000476435 0.000194837 0
0.0020217 0.00174242 0.000810163
0.000396911 8.19083e-05 3.17104e-06
0.000506705 7.75683e-05 5.18319e-05
7.22012e-05 4.50229e-05 0
6.41162e-06 0 0
6.15581e-05 4.90224e-05 0
0.000715782 2.47622e-05 0
0.000195493 5.50576e-05 0
0.000282372 0.000254348 0.0001122
0.00028037 1.56316e-05 0
4.3424e-05 0 0
0.000468188 0 0
0.000217196 0 0
6.79534e-05 0 0
0.000594042 4.31126e-05 0
0.00030117 0.00013063 7.6065e-05
0.000139938 0 0
5.89202e-05 2.38286e-05 2.07453e-05
0.00682797 0.00151633 0
0.000168234 0 0
0.00240127 0.000231779 1.79864e-05
0.000307845 0 0
2.74263e-05 0 0
0.000287685 0.000152305 0
7.63196e-05 6.86861e-05 6.08163e-05
0.000250768 0.000106063 9.37008e-06
0.000740511 0 0
0.00021359 0 0
0.000418619 0.000180887 0
4.74997e-05 0 0
0.000150824 0 0
0.000122334 5.5139e-05 0
0.000102554 0 0
2.88609e-05 0 0
0.000312728 6.23496e-06 0
5.61262e-05 0 0
4.12451e-05 0 0
0.000553409 8.74188e-05 0
3.26569e-06 0 0
0.000479575 0 0
0.000260296 0.000235128 0
0.00867487 0.00012171 0
0.000159334 0 0
0.00478689 0 0
0.000166716 0 0
0.000510604 0.000143239 3.92387e-05
0.000358423 0 0
9.29031e-05 1.68048e-05 0
0.000181271 4.88138e-05 0
0.00131753 0.000341405 0
0.000164174 0 0
0.00102213 1.79457e-05 0
1.80213e-05 0 0
0.000212052 0 0
6.07742e-05 0 0
0.00017388 9.1191e-05 0
4.77518e-05 0 0
0.000162856 0 0
0.000374142 0.000371773 0.000324676
0.00021358 0 0
1.69996e-05 0 0
2.8453e-05 0 0
4.03338e-05 0 0
0.000653748 5.1228e-06 0
2.99341e-05 0 0
0.00045919 0.000225273 0
0.000311625 0.000110596 7.2106e-05
3.73385e-05 0 0
0.000207922 0 0
8.73348e-06 0 0
1.55538e-05 0 0
7.65794e-05 0 0
0.000203827 6.52459e-05 0
4.78158e-06 0 0
0.000177886 3.163e-05 0
0.000721352 0.000354136 0.000257885
0.000205922 7.51563e-05 0
0.000119708 2.95112e-05 0
0.00154053 0.000583503 0
0.000278635 8.19464e-06 0
7.60145e-05 5.22469e-05 0
6.01909e-05 0 0
0.00245895 0.000252702 0
8.69789e-05 0 0
0.000112312 0 0
0.000383941 3.02719e-05 0
0.000216576 0 0
8.99375e-05 4.20171e-05 0
0.000161137 0.000122049 0
0.000131351 0 0
0.000258247 0 0
0.000104305 0 0
0.000110404 6.83751e-05 0
0.000804096 0.000545703 0
0.000594044 0.000157424 2.67938e-06
0.000304774 0 0
0.000278393 3.21024e-05 0
6.87293e-05 0 0
0.000213416 0.000200846 0
6.71158e-05 0 0
0.000119169 5.36415e-06 0
2.96189e-05 0 0
0.00052651 0 0
8.71186e-05 0 0
0.000530323 0 0
0.000174584 0 0
0.000477339 0.000215614 0
0.00026432 0.000243201 0
7.22566e-05 0 0
0.00488631 0.00460698 0
0.000133081 0 0
0.000332221 0.000149341 0
5.82129e-06 0 0
0.000135003 5.51274e-05 0
4.09437e-05 0 0
0.000440272 0 0
8.53161e-05 0 0
3.56074e-05 0 0
0.000185333 0 0
6.83764e-05 2.80218e-05 0
8.76123e-05 0 0
0.000148076 0 0
9.39394e-05 4.50015e-05 0
0.000280567 0.000194848 0
0.00040048 0 0
9.80277e-05 0 0
0.00244827 6.90099e-05 0
0.000453468 2.57411e-05 1.7037e-05
0.000142021 0 0
0.0003501 0.000227845 0
0.000288817 0 0
0.000290352 8.47405e-05 0
0.000245197 1.10213e-05 0
0.000724626 0.000113814 0
0.000125646 0.000105655 2.80972e-05
0.000130496 0 0
0.000346835 0 0
0.000120959 0 0
0.000555061 0.00028683 2.23248e-05
0.00031502 2.86781e-05 0
0.000177546 0 0
0.000147487 0 0
3.95702e-05 0 0
7.23724e-05 0 0
0.00793217 0 0
0.000661422 0.000201452 3.65884e-05
0.000154875 1.06333e-05 0
2.64417e-05 0 0
0.000296076 0 0
0.000530317 0.000154051 0
0.000366857 0 0
0.000499491 0 0
0.000509293 0.00047416 0.00014009
0.000197834 0 0
0.000361948 0.000102197 0
1.39741e-05 0 0
4.31235e-05 0 0
0.000153635 7.84618e-05 0
0.000151425 9.27795e-05 0
0.000449797 0.000435416 2.53023e-06
0.000278903 0.000216525 0.000110662
0.000138909 0 0
0.000277062 0.000179501 0
2.66642e-05 1.48965e-05 0
0.00135214 0.000991736 0
0.000414007 4.39531e-05 0
0.000594026 0.000421054 4.71621e-05
0.00289966 0.000241751 0
0.000124213 0 0
6.20378e-05 3.59536e-05 0
0.00177949 0 0
0.00105537 0 0
0.00023389 0 0
0.000166323 0 0
0.000765463 1.22469e-05 0
0.000235247 0.000118635 0
0.000311272 2.31164e-05 0
0.000288519 0 0
0.000190196 0 0
0.00106432 1.79692e-05 0
0.00093711 0.000373094 8.44106e-05
4.5075e-05 0 0
0.000136426 0 0
3.2788e-05 0 0
0.000221422 3.68202e-05 0
0.000300187 8.94032e-05 8.05008e-06
0.000116874 0 0
0.000252273 0 0
2.0606e-06 0 0
0.00021678 0 0
0.00125166 0.00122731 0.000534846
0.000103851 4.15563e-05 0
9.4959e-05 6.04822e-05 2.89071e-05
0.00013832 5.21323e-05 0
0.000151643 7.80903e-05 0
0.000517353 0 0
0.000357182 0.000107574 0
8.11974e-05 6.19597e-05 0
0.00072522 0.000205842 0.000156472
0.000184552 0 0
0.0021938 0.000628926 5.11419e-05
0.000392498 0.000234081 0
8.38534e-05 0 0
0.00032857 0 0
0.000408956 0.000403789 0.000122106
0.000141036 1.05753e-05 0
0.000165723 0.000110891 0.00010062
0.000394491 0.000236025 0.000213275
5.51606e-06 0 0
0.000320788 0 0
0.000158238 6.03992e-06 0
0.000135958 0 0
0.000341117 0 0
0.00159947 0 0
8.08758e-06 0 0
0.000147675 7.21831e-05 0
0.00045296 0.000300151 0
0.000851302 0 0
0.000246973 0 0
0.00473357 0.00154779 0
0.000351018 1.0381e-05 0
4.82215e-05 0 0
0.000355948 0 0
1.65192e-05 0 0
0.00351415 0.00135828 0
0.00236614 0 0
5.26571e-05 0 0
0.00114645 0.000444676 0
7.54515e-05 0 0
0.000784238 0.000574867 0.000531634
0.00410714 0.00160777 0
5.99696e-06 0 0
0.000369774 0.000285925 1.30767e-05
9.62327e-05 0 0
3.97126e-05 0 0
4.9723e-05 0 0
0.00124708 6.39789e-05 0
0.000419463 0.000164716 0.000135411
0.000291849 0 0
0.000499809 0.000227185 8.35187e-05
0.000368258 0 0
0.00052608 0 0
0.039944 0.000348245 0
0.000159028 4.62728e-05 2.64096e-05
0.000948422 0 0
7.4663e-06 0 0
5.66891e-05 3.92221e-06 0
0.000111652 0 0
0.000209736 8.29818e-06 0
2.91459e-05 2.76946e-05 0
4.08771e-05 0 0
4.93895e-05 3.80732e-05 0
0.00083745 8.99535e-05 0
0.000280355 0 0
0.000226943 5.85226e-05 0
0.000440695 0 0
0.000202299 0.00018424 6.44256e-05
0.000234284 7.90909e-06 0
0.000256442 0.000153195 0
9.71336e-05 0 0
6.67908e-05 0 0
0.000142354 6.58465e-06 0
1.24196e-05 0 0
5.32792e-05 1.22795e-05 0
0.000602116 0 0
0.000870342 0.000129837 0
0.00065735 0.000418573 0
0.00106388 0.000151409 0
0.000249146 0.000215438 2.56343e-06
0.000357367 0.00013634 0
0.000213929 1.66278e-05 0
0.000223005 0 0
0.00731723 0.000277652 0
8.48964e-05 0 0
8.03133e-05 0 0
5.77601e-05 5.10513e-05 0
0.000184647 0 0
0.00326966 0.00169183 0
0.000194395 4.89256e-05 0
0.000633281 0.000360621 1.71357e-05
5.11021e-05 0 0
0.000110225 0 0
0.000404933 0.000143695 0.00012876
0.000128181 0 0
0.000717656 1.06817e-05 4.69859e-06
7.55946e-05 0 0
0.000203974 0 0
2.01887e-07 0 0
8.28031e-05 0 0
0.00021044 0.000193693 0
0.00023724 0.000124613 0
0.000315936 0.000164292 0
6.41158e-05 0 0
0.000508691 0 0
0.000566141 0 0
0.0088201 0 0
3.46345e-05 0 0
0.000225021 5.51735e-05 0
0.000233406 0.000165803 0
0.000364563 2.43899e-06 0
0.000133098 0 0
0.000349319 0.00011128 3.53599e-05
0.000198199 0 0
9.87379e-05 0 0
0.000144188 1.15845e-05 0
0.000837196 2.65101e-05 4.25788e-06
0.000105873 0 0
0.00032782 0 0
0.000102891 0 0
0.000163788 0.000162477 0
0.000347377 0 0
0.000475727 0.000306455 1.40721e-05
0.000356317 0.000143281 0
2.62449e-05 0 0
0.000632914 0.000189447 0
0.000304701 0 0
0.000114709 0 0
6.04876e-05 3.16552e-05 0
0.000373227 9.29882e-05 0
0.000621915 0 0
0.00104229 0.000323884 0
0.000277666 9.402e-06 0
0.000107249 0 0
6.60256e-05 2.57825e-05 0
0.000333659 0 0
0.00137326 0.000120982 0
0.000880806 0.000419043 4.70014e-05
0.000208529 0 0
0.000103198 0 0
0.000252764 0 0
9.03e-05 0 0
0.00162058 8.02304e-05 0
0.000260108 0.000170997 0.000103101
0.000508263 4.59448e-05 0
0.000141963 7.66888e-05 0
0.000309103 0.000286783 0
0.000334525 0.000319873 0
0.0029867 0.000232042 5.0027e-05
0.000159993 0 0
0.000134522 9.54473e-05 3.73892e-06
0.000177903 0 0
0.000333951 4.43408e-05 0
0.000638572 3.10415e-05 0
0.000152819 2.31063e-05 0
5.84233e-05 0 0
0.000587694 1.28115e-06 0
0.000123869 0 0
0.00173318 0.000104731 0
0.00227073 0.00172382 0.000834159
8.22543e-05 0 0
0.000243887 0 0
0.000101331 0 0
0.000346827 0 0
0.000392649 0 0
0.000129985 0 0
0.000200727 0.000133426 0
0.000417361 0 0
0.000169601 0 0
0.000332675 0.000117396 0
0.0044906 0.00403545 0.00263556
0.000115204 0 0
5.13695e-05 4.70129e-05 0
0.000178978 0 0
0.000594777 0.000351465 0.000157008
0.000701649 7.86179e-05 1.12957e-05
0.00013988 0 0
0.00010704 1.7395e-05 0
0.000160131 0 0
3.77994e-05 0 0
0.000161426 0 0
0.000972709 2.19695e-05 0
1.56072e-05 0 0
0.000529058 0.000416587 0.000290746
2.75222e-05 0 0
0.000227894 5.71948e-06 0
0.000377155 0.000107931 2.84203e-05
0.000295863 0.000257659 0
6.6704e-05 0 0
0.00362982 0.000447515 0
4.09425e-05 0 0
0.000281784 0.00015279 5.57074e-05
0.000115241 0 0
7.91312e-05 2.83268e-05 0
0.000574476 0.000236371 0
0.000538482 0.000132007 2.46239e-05
0.000114619 8.9998e-05 0
5.20972e-05 2.89631e-05 0
0.000267952 6.44511e-05 0
0.000596529 1.43038e-05 0
0.000353331 0.000125802 5.4755e-05
0.00011416 0 0
4.72738e-05 0 0
0.00013505 0 0
0.000473231 8.16277e-06 0
0.000799724 0 0
0.000144983 5.556e-05 0
0.000115204 6.84799e-05 2.57506e-05
0.000107449 0 0
6.54715e-05 5.48431e-05 0
0.000218619 0 0
0.000550209 3.20489e-06 0
4.08352e-05 0 0
0.000435509 0.000291835 0
0.000157566 3.4008e-06 0
0.000368173 0.000143187 0
0.000432997 2.25289e-05 0
0.000211393 2.37654e-05 0
8.12616e-06 3.12722e-06 0
0.000427609 0.000174083 5.31371e-05
0.000130693 0 0
0.000478002 7.49507e-05 0
0.000110874 0 0
0.00217474 0 0
0.000180712 0.000102981 0
0.00414966 0.00284292 0.000293856
0.000483345 5.56327e-05 4.10828e-05
7.00191e-05 0 0
0.000680904 0.000530242 0
0.000162433 0 0
0.000502602 0.00017831 0
0.000844926 5.25213e-05 0
4.14483e-05 0 0
7.92185e-05 0 0
0.000306942 0.000212826 0
0.000252207 0 0
9.89562e-05 0 0
0.000199741 5.99533e-05 0
0.00014929 3.75357e-05 0
0.000202168 0.000105097 0
5.25212e-06 0 0
4.06131e-05 0 0
0.000270373 0 0
0.000135217 0 0
0.000187811 0 0
0.00026894 0 0
0.000176667 0 0
7.37923e-05 6.37836e-05 0
0.000110808 0 0
0.000652075 0.000505324 2.64718e-07
0.000187708 5.60959e-05 0
5.7971e-05 0 0
8.93381e-05 0 0
0.000118767 1.38846e-05 0
3.17764e-05 0 0
3.74815e-05 0 0
0.000204811 0 0
0.00470896 0 0
0.000185611 6.41333e-05 4.58192e-05
0.00080134 0 0
0.000300077 0.000283739 8.53793e-05
0.000368601 0.000174932 0
0.000462701 0.000323719 0.000126054
0.0001258 2.44196e-05 0
0.000506501 0.000134495 0
0.000259396 0.000201476 0
0.000163993 0 0
0.000171502 0 0
0.000147958 0 0
0.000156594 0 0
6.81979e-05 0 0
0.000329417 0 0
0.000273707 0 0
8.03472e-05 0 0
3.5191e-05 0 0
0.000125958 0.000109106 6.90475e-05
0.000660703 0.000186703 0
0.000166697 0.000164491 0.000105015
0.000150431 0 0
2.41033e-05 0 0
0.000579133 0.000406123 0
2.32063e-06 0 0
0.00347587 0.000510525 0
0.000107668 8.68406e-06 0
0.000320117 0 0
6.5893e-05 4.49506e-05 0
0.000389268 0 0
0.000816226 7.55544e-05 0
1.40026e-05 0 0
0.000338972 0.000174614 0
0.000276058 0.000165876 0
0.000455273 0 0
0.000373714 0.000247127 0
0.000108887 1.02277e-05 0
0.00026713 0.000211188 0.000170661
0.000169045 0 0
0.00023254 0.000152635 0
0.00033539 0 0
2.46219e-05 0 0
0.00154653 0 0
0.000324166 0.000232288 7.34578e-05
7.99273e-05 0 0
0.000608806 0.000239392 1.13496e-05
1.65709e-05 0 0
2.98223e-05 9.44254e-06 0
5.39573e-05 0 0
4.92284e-05 0 0
0.000120615 1.03484e-05 0
7.42197e-05 1.26195e-05 0
0.00031377 9.34044e-06 0
0.00122909 0.000341024 0
0.000186052 0 0
5.1706e-05 0 0
4.51369e-05 0 0
0.000731552 0 0
0.00210904 0.00121084 0
7.65282e-05 5.0127e-07 0
0.00137316 0 0
0.00475029 0.00142556 0
0.00067767 0.000254424 0.000168572
2.3088e-05 0 0
7.50253e-05 1.62734e-05 0
0.000260012 8.98805e-05 2.49977e-05
0.000264837 5.10483e-06 0
0.000329709 0 0
0.000530853 0 0
7.33425e-05 0 0
0.00020723 0 0
0.00017037 0 0
4.77233e-06 0 0
0.000143017 0 0
0.000133705 0 0
0.000247233 0 0
0.00027004 5.61816e-05 0
0.000131828 0.000100307 9.81868e-05
0.000718076 0 0
0.000171256 2.39175e-05 0
0.00065828 0 0
0.00020022 0 0
0.000285802 0.000218286 0
6.43443e-07 0 0
0.000295435 0.000139526 0
0.000330138 6.38341e-05 0
0.00342767 0 0
0.000153557 3.44435e-05 0
2.91573e-05 0 0
3.6496e-05 0 0
4.56493e-05 3.2654e-05 0
0.000501742 0.00037704 0
0.00015658 0 0
0.0037869 0.000851591 0
7.27937e-05 0 0
0.000112951 6.03193e-05 0
0.000118688 0.000104337 0
0.00014561 0 0
0.000238675 0.000178043 0.000105475
0.000263164 0.000257932 0
6.41069e-05 0 0
8.51564e-05 3.45511e-05 2.87695e-05
0.00162017 5.19175e-05 0
0.000107568 0 0
0.000151673 0 0
0.00023317 7.59986e-05 6.07925e-05
0.0045557 0.00142805 0.000167896
0.00059027 8.76974e-05 0
0.000183682 9.47573e-05 1.95652e-05
0.000463485 0.000454535 0
0.000232069 0 0
0.000153132 0 0
0.000117443 2.75077e-05 0
0.000378527 0.000110218 0
0.000113618 2.47108e-05 0
0.000129348 6.49259e-06 0
0.00033116 2.8168e-05 1.66756e-05
0.000127746 0 0
6.83028e-05 1.02408e-05 0
0.00014269 0 0
0.000102397 0 0
6.62893e-05 4.04231e-05 1.055e-05
0.000141711 0 0
0.000469775 6.15195e-05 3.99573e-05
0.000405783 0 0
0.000158287 3.69397e-05 0
0.000265917 0 0
0.000171243 0 0
0.000375257 2.19846e-05 0
6.35793e-05 0 0
1.05499e-05 0 0
0.000285738 0 0
0.000270056 6.47502e-05 0
8.16942e-05 6.81991e-05 0
0.000860724 0.000133926 0
0.00184204 0.000823568 8.02876e-05
3.02153e-05 0 0
9.0921e-05 0 0
0.000499155 0 0
0.000911594 0.000288447 0
0.000117241 0 0
0.000285906 5.57596e-05 0
0.000471549 0.00011281 0
0.00144441 0.000155947 0
1.83706e-05 0 0
8.7723e-05 5.53291e-05 0
0.00275684 0.000633823 1.10791e-05
0.000213788 0.000121606 0
0.00366976 0 0
0.000323167 0.000241152 0
1.57988e-05 0 0
0.00013865 7.60306e-06 0
0.000143573 0 0
0.000298924 3.92732e-05 0
0.000101198 9.08004e-05 0
0.000267439 0 0
4.52973e-05 0 0
0.000795903 4.4409e-05 0
0.000142605 0 0
9.38704e-06 0 0
0.000141207 8.78324e-05 0
0.00034632 0 0
0.00326453 0.00054283 8.07075e-05
2.58497e-07 0 0
6.79541e-05 2.93666e-06 0
4.83039e-05 1.03234e-05 0
0.000262722 0.000189836 0.00014127
0.000166445 0.000116752 0
0.000183247 7.26079e-05 0
0.000172363 3.40819e-05 0
0.000319973 0 0
0.00037437 0.000101359 1.62372e-05
4.43141e-05 0 0
4.45725e-05 0 0
0.00014618 0.000105026 1.74327e-05
0.000239351 0 0
6.98758e-05 8.28216e-07 0
0.000110953 0 0
0.000222292 0.000151243 0
0.000202294 0 0
0.00034956 6.14241e-06 0
0.000189217 8.83291e-06 0
0.000123691 0 0
0.000104224 0 0
0.000330985 0.000198299 9.59795e-05
0.000111355 0 0
0.000621252 0.000194084 0.000107864
0.0181836 0.0002479 0.000117969
0.00030888 0 0
0.000851242 0.000838142 0
4.64125e-05 3.02691e-05 0
0.000317382 0 0
0.00019225 8.10977e-06 0
0.000496277 0 0
0.000442503 6.84672e-05 1.45897e-06
0.000733209 0 0
0.00112312 0 0
0.000694172 0.000494829 0
0.000144713 5.47949e-05 0
0.000367219 0 0
0.000361189 0 0
7.55825e-05 0 0
8.82937e-07 0 0
0.000177284 0 0
0.000116839 6.30746e-05 0
4.69946e-05 2.07573e-05 0
0.000250294 8.40325e-05 5.42736e-05
0.000104149 0 0
0.00488765 0 0
6.94414e-05 0 0
4.26219e-05 0 0
8.12838e-05 0 0
0.0007512 0.000197436 4.08657e-05
0.000171167 0 0
0.000174489 0.000105653 0
8.92239e-05 0 0
0.000343426 0.000175357 0.00014928
0.000181233 0 0
0.000398436 0 0
0.000156072 0 0
0.00057722 4.01878e-07 0
0.000132086 0 0
0.000326281 0 0
0.000270547 0 0
0.000243038 0 0
0.000405132 0 0
0.00115997 5.34097e-05 0
0.00121682 0.000340397 0.000268265
0.000734947 0.000225528 0
0.000193269 0 0
5.26749e-05 0 0
0.000311909 0 0
0.000270613 3.31492e-05 0
0.000179676 3.6035e-05 0
0.00124915 0.000300974 0
1.93476e-05 0 0
3.13717e-05 0 0
0.000171619 0.000122401 0
0.000182011 0 0
0.00020309 0 0
0.00102256 1.07802e-05 0
0.000343072 8.12351e-06 0
0.00168971 0.000279088 0.000189544
0.00011916 0 0
5.91376e-05 5.9947e-06 0
0.000202069 0 0
6.471e-05 3.02422e-05 0
0.000133502 0.000115204 0
0.000130913 6.24706e-06 0
0.000118729 8.25321e-05 0
9.94562e-05 4.25387e-05 0
4.2819e-05 3.61645e-05 0
0.000136578 7.2594e-05 0
0.000294324 7.62317e-05 2.01775e-05
0.000289062 5.37808e-05 0
0.000139015 2.15554e-05 0
0.000124264 3.96134e-05 0
0.000199757 1.02215e-05 0
0.000125288 3.21017e-05 2.98201e-05
0.000333252 0 0
0.000359975 0.000103547 0
0.000271876 0.0001185 0
0.000219849 5.44023e-05 0
2.7734e-05 0 0
0.000159546 0 0
0.000539282 5.29028e-05 0
0.000469017 6.49632e-06 0
0.000110331 7.14539e-05 0
2.30654e-06 0 0
2.50868e-05 0 0
0.000556213 0.000382076 3.32009e-05
0.000204908 0 0
1.41731e-05 0 0
0.000117344 0 0
0.000213249 0 0
2.48102e-05 0 0
0.000936291 0 0
0.000257703 0 0
0.000134675 0 0
0.00036387 4.89505e-05 0
0.000110139 4.57296e-05 0
0.00214275 0.00170159 0.000302199
0.000143169 0 0
0.000251955 5.48687e-06 0
0.000600381 0 0
0.00032432 0 0
0.00625943 0.00153919 0.00115263
0.000113215 2.37926e-05 0
0.000174759 5.28524e-05 0
0.000116548 0 0
0.000158589 3.1322e-05 0
0.000531159 0.000201797 0
0.000288708 1.19528e-05 0
5.63725e-05 0 0
0.000125702 0 0
9.86e-05 7.86027e-05 0
0.000239377 2.77588e-06 0
0.000665767 3.09261e-05 0
0.000541347 0.000122588 0
0.000101113 0 0
3.36509e-05 0 0
0.00013316 0 0
0.000108501 0 0
0.000240905 0.000179416 0
1.07646e-05 0 0
0.000192451 0 0
9.00442e-05 0 0
0.000429354 6.60174e-05 0
0.000104807 0 0
0.000143334 0 0
0.000277579 0 0
0.00317603 0 0
0.000185225 0 0
0.000912952 0.000455905 0.000234309
0.000708756 3.71244e-05 3.64811e-05
0.000202555 0 0
0.000222752 3.63527e-05 0
0.000175697 2.58656e-05 0
0.000535986 0.000393552 9.02614e-05
0.00130179 0.000586503 0
0.000232039 8.14773e-05 0
6.56123e-05 0 0
8.11805e-06 0 0
0.000237462 0 0
7.44441e-06 0 0
5.24529e-05 1.25418e-05 0
0.000474338 0 0
0.000277746 0.000224436 0
0.000225212 0.000122821 0
0.000231749 2.28948e-05 0
0.000381086 4.08163e-05 0
3.41747e-06 0 0
0.000352172 0 0
0.000315537 9.23781e-05 0
3.62341e-05 2.69683e-06 0
0.00327835 0.000100282 7.05782e-05
0.000131557 8.59242e-05 0
0.000105102 0 0
0.000352654 0.000188151 0
0.000248458 0 0
0.000731276 0 0
0.000137923 6.43531e-05 0
5.27322e-05 3.35251e-06 0
0.000383331 3.94099e-06 0
0.000162383 2.7573e-05 0
0.000418521 3.86929e-05 0
5.30659e-05 0 0
0.000227203 0 0
0.000178281 6.80588e-05 8.76966e-06
2.88873e-05 0 0
0.00030203 0 0
0.000151325 0 0
7.10967e-05 7.84933e-06 0
0.000316509 7.98765e-05 0
0.000110659 0 0
2.57269e-05 0 0
0.000120761 0 0
0.000117724 9.41479e-05 4.49407e-05
8.36035e-05 7.56188e-05 0
3.88032e-05 0 0
4.11132e-05 0 0
0.000130801 0 0
0.000520288 0 0
0.000126039 0 0
0.000132053 0 0
0.000212462 8.61749e-05 2.38142e-05
0.000108666 0 0
0.000290773 7.16794e-05 0
0.000211863 8.07473e-05 0
8.09146e-06 0 0
0.00165252 0 0
0.00849639 0.00173375 0.000723046
0.000293594 5.63109e-05 0
0.000174859 0 0
0.0011439 0.00063018 0
0.000406871 0 0
0.000144349 0 0
0.000310128 0 0
8.1905e-05 0 0
0.000284841 0 0
0.000242325 0 0
7.66567e-05 4.05636e-05 0
0.000205579 0 0
0.000419257 0 0
0.000106745 0 0
0.000110759 3.32398e-05 0
0.000326041 0.000283329 0.000223881
0.000265021 0 0
0.000210414 0.000116532 0
0.000404826 0.000104956 0
8.02076e-05 0 0
0.000579013 4.91169e-05 0
0.000490969 0.000255952 0.000174486
8.68021e-05 0 0
2.19467e-05 0 0
0.000193744 0 0
4.64108e-05 0 0
0.000201229 0 0
0.000846209 0.000474203 0.00029829
0.000210529 0.000136536 0
0.000666598 3.16982e-05 0
7.00256e-05 1.36513e-05 0
0.00054773 0.000173224 0
0.000178899 5.78765e-05 0
0.00391241 0.00381099 0
0.000299159 0 0
0.000109071 0 0
0.000110686 0 0
3.16577e-05 0 0
7.67836e-06 0 0
0.000196198 0 0
3.01352e-05 0 0
0.000333504 3.38278e-05 0
0.00011829 0 0
0.000240585 2.96052e-05 0
9.96951e-05 0 0
9.93234e-05 0 0
0.000162355 0 0
0.000101675 0 0
0.00104352 0.0002463 5.60761e-05
0.000119881 9.90871e-05 0
0.000135095 0 0
3.51434e-05 0 0
0.000702628 0 0
0.000400682 8.72467e-05 0
0.000460999 0 0
2.51414e-05 2.92513e-06 0
0.000213085 9.11808e-05 0
0.000367 0.000200958 4.45232e-06
0.000653253 0.000161582 7.75354e-05
0.000388554 1.02358e-05 0
4.47297e-05 3.76241e-05 0
0.000222877 0.000199627 8.23161e-05
0.000108255 0 0
2.35363e-05 0 0
5.4754e-05 3.52691e-05 0
0.000367628 6.75114e-05 0
0.000971772 0.000129004 6.88056e-06
0.000466227 0.000314977 0
0.000211849 0.000153227 0
0.00022671 5.09058e-05 0
0.00106196 0.000505963 0.000358354
0.000162536 0.000131263 0
0.000721542 0 0
1.26341e-06 0 0
0.000176132 5.01187e-05 4.31456e-06
6.30017e-05 0 0
0.00020569 3.94358e-05 0
0.000167656 0.000105689 0
5.34018e-05 4.88613e-05 0
0.000393514 0 0
0.000194847 0.000113082 0
0.000108863 0 0
0.000158297 0 0
0.000310762 0.000124766 0
0.00106716 0.000125861 0
1.45991e-05 0 0
0.000622572 0.000348521 0.000157054
0.000433445 6.46391e-05 0
0.000617789 0.00032496 7.66194e-05
0.000275616 0 0
0.00386062 0.00203569 0.00145434
2.80887e-05 0 0
0.000147274 0 0
0.0004421 5.65269e-05 0
0.00112347 0.000176279 0.000163358
0.00538623 6.87136e-05 6.54423e-05
9.90576e-05 0 0
8.34621e-05 3.95065e-05 0
0.000969395 0.000835413 0.000555514
7.1715e-05 0 0
7.40032e-05 0 0
0.000205192 3.03766e-05 1.36914e-05
0.00063188 0.000266017 0
0.000124183 0 0
0.000504115 0.000117377 0
0.0067186 0.000610363 0
7.24228e-05 0 0
0.00176091 0.000618689 0
0.00334386 0.000451848 0
8.88632e-05 0 0
0.000513212 0 0
8.57255e-05 0 0
0.000147243 3.77897e-05 0
0.000138944 0 0
0.000111347 3.74975e-05 0
0.000103891 3.61906e-05 0
1.98995e-05 0 0
9.6088e-05 4.67675e-05 0
0.00015643 7.03926e-05 4.72744e-05
0.000138098 7.86794e-05 0
3.80245e-05 0 0
2.12244e-05 0 0
0.000608983 0 0
0.000133648 0 0
0.000497444 4.0477e-05 0
0.000182002 0 0
0.000135075 7.07087e-05 0
0.000904635 0 0
8.81832e-05 5.45303e-05 0
7.91598e-05 0 0
0.000273953 0.000184229 0
1.32468e-05 0 0
0.00068355 0.000153589 6.13069e-05
0.000167296 0 0
0.00171316 0.000184803 0
0.000113182 9.60857e-05 0
7.53729e-05 1.12742e-05 0
0.000273406 0 0
0.000233703 3.36349e-05 0
8.09686e-05 0 0
0.00028184 0 0
0.000305458 1.00721e-05 0
0.000353681 0 0
0.000111301 8.38176e-05 0
9.64244e-05 0 0
0.000410138 0.000344429 0
0.000290651 4.92462e-05 0
0.000234465 0.000126534 0
0.000299852 0.000137107 0.000126727
7.04139e-05 0 0
0.000563658 0 0
0.000305954 0.000113895 0
0.000211707 0.000203788 6.88927e-05
0.000294095 0.000172887 0
0.000366682 6.13706e-06 0
0.00114456 0.000181773 0.000171568
0.000124273 0 0
0.000246554 4.97278e-05 0
0.0021139 0 0
0.000102099 0 0
0.00356542 0.000610702 0.000119878
3.15922e-05 0 0
2.75405e-05 0 0
0.00109705 0.000401506 0
0.000575104 0.000244205 3.57687e-05
0.000175505 8.37645e-05 0
0.00034115 0 0
0.00483616 0.00204656 0
0.000885211 6.51794e-05 3.45368e-05
3.86421e-05 0 0
0.000469352 0 0
0.000139552 0.000137807 6.37114e-05
7.61157e-05 0 0
0.000245963 0 0
0.000626031 0 0
0.000876625 0.00016396 0
0.0050027 0 0
0.000317985 9.05341e-06 0
3.89562e-05 0 0
0.000153023 0 0
0.000105612 0 0
0.00012759 0 0
9.45747e-05 0 0
9.53989e-05 0 0
8.107e-05 0 0
0.000101171 9.95154e-05 0
0.000212998 2.49554e-05 0
0.000242284 0 0
0.000619748 2.30575e-07 0
0.00601 0.00299189 0
0.000325796 0.000285261 0
0.000848991 0.000239958 0.000134782
0.000204011 0.000100524 0
7.9558e-05 0 0
2.07453e-05 0 0
0.000143507 0 0
9.7885e-05 0 0
0.000143263 0 0
0.000120944 5.60849e-05 0
0.000220216 0 0
0.000134008 0 0
9.41026e-05 3.16792e-06 0
0.000319487 2.68898e-05 0
0.000118793 4.6854e-05 1.55252e-05
0.000126933 0 0
0.000373092 5.20333e-05 0
0.000463462 0.000184312 0
0.000137479 4.14524e-05 0
2.07926e-05 0 0
4.6385e-05 0 0
0.000655254 0 0
0.000471333 0 0
0.00041473 0 0
0.000101585 0 0
0.000158821 0 0
0.000707822 9.02334e-05 0
0.00045771 0.000277248 6.00672e-05
0.00015837 0 0
0.000504595 0 0
0.000106054 0 0
6.07362e-05 5.0332e-06 0
0.000357415 0 0
0.000312247 0 0
2.42079e-05 0 0
0.000372585 0 0
0.000210071 8.46662e-05 0
0.00022584 3.23825e-05 0
0.00031603 8.80252e-05 0
0.000217842 1.52747e-05 0
0.000438854 0 0
0.000257735 0 0
6.21236e-05 4.86942e-05 0
0.00119035 0 0
6.50277e-05 0 0
2.11765e-05 0 0
4.62221e-05 0 0
0.00010593 0 0
0.000188685 0.000157451 0
1.41443e-05 0 0
0.000152765 0 0
9.92932e-05 0 0
0.000345843 5.3075e-05 0
0.000115022 9.67765e-05 3.71177e-05
0.000239457 5.92195e-05 0
3.93431e-05 2.68109e-05 1.77243e-05
0.000159291 0 0
0.000144213 9.98869e-05 1.91984e-06
0.000218334 0 0
0.000144552 0 0
0.000157075 4.80621e-05 0
0.000161756 0 0
1.22002e-05 0 0
3.71073e-05 0 0
9.8447e-05 0 0
0.000194087 5.90687e-05 0
0.000923382 0 0
0.000108593 0 0
0.000329078 8.04885e-05 0
0.000599494 0.00015857 0
0.00020319 3.36092e-05 0
0.000178816 0 0
0.000196 0 0
3.61162e-06 0 0
0.000744783 0 0
0.000156617 0.000101832 0
0.000761975 0.000297101 2.84685e-05
0.000102956 8.30585e-05 0
0.000213299 4.51212e-06 0
1.67081e-06 0 0
0.000298205 0.000190041 6.84379e-05
0.000171071 9.95513e-05 0
0.000190059 0.000106059 0
6.90865e-05 0 0
0.000244423 0.000194511 0
0.000574956 0.00016147 0
4.6638e-05 0 0
4.69487e-05 0 0
0.000747346 0 0
9.84128e-06 0 0
1.83886e-05 0 0
0.000116621 0 0
0.000190432 0 0
0.000176529 0 0
0.000311103 0.000174975 4.81473e-05
0.000905684 0 0
0.000188048 3.22343e-05 0
0.00026097 0 0
0.000178036 0.00010044 1.50198e-05
0.000424344 0.000169672 0.000160088
0.000111178 3.79376e-05 0
0.000712245 0 0
0.000190463 0 0
7.14829e-05 0 0
5.49306e-05 0 0
0.000410973 0.000282514 0.000166633
0.000133397 0.000119879 3.06682e-05
0.000377071 0.000365453 5.61792e-05
0.00147435 0.000109524 0
0.00037639 4.56401e-05 0
0.000218283 4.73034e-05 0
0.000259437 0.00012781 0
0.000212265 0 0
0.000104001 0 0
0.000101761 3.88329e-06 0
0.00183173 0.000726197 0.000643651
7.63876e-05 1.51945e-05 1.38013e-06
0.000780787 0.000732542 0.000138381
0.000269912 0 0
0.000282881 7.6031e-05 0
0.000330436 0.000240058 3.16467e-05
4.50236e-05 0 0
0.00019193 4.62213e-05 0
0.000109013 0 0
0.000275799 0.000221125 3.66989e-05
0.000328522 0 0
0.000424101 0 0
0.000993148 0 0
0.00110725 0.000180602 0
8.76215e-05 0 0
0.000322246 0 0
0.000130426 0 0
0.000425396 4.99722e-06 0
0.000235698 4.62414e-05 0
0.000252145 0 0
0.000274551 0.000220274 0.000167595
0.000245989 0.000160021 2.47673e-05
5.3152e-05 2.80045e-06 0
0.000175575 0 0
0.000102085 0 0
0.000209266 0.000108567 2.26821e-05
5.71584e-05 0 0
0.0030463 0.00300498 0
7.865e-05 4.27724e-05 0
0.000651672 0 0
0.000105812 9.28489e-05 0
4.01431e-05 3.97662e-05 0
0.000260279 5.99805e-05 0
0.000201514 0.000105102 6.8814e-05
0.00012633 0 0
0.000119548 0 0
0.00117216 7.90316e-05 0
0.00105432 0.000284385 0
0.000181922 4.62258e-05 3.6913e-05
0.00113764 0.000298284 0.000192059
0.000247795 0 0
0.00247889 0 0
0.000142326 0 0
0.00027275 0 0
0.000372621 0 0
0.000329774 0 0
0.000526313 0 0
0.000428231 0.00014017 1.35211e-06
0.000396583 0.000128106 0
0.000232293 0.000123264 0
0.000180718 0 0
0.000121128 0 0
0.000123897 0 0
5.34477e-05 0 0
0.00010056 3.43073e-05 0
0.000663095 0.000230468 6.71376e-05
0.000155154 0.000130082 0
8.16323e-05 8.90977e-06 0
0.000218114 0.000165754 0
0.00055517 0 0
0.000374677 0 0
9.86287e-05 0 0
0.000794332 0.000139181 0
0.00012374 0.000123084 0
0.000348079 0 0
0.000136284 0 0
2.4624e-05 0 0
0.000566227 0 0
0.000188135 6.38915e-05 0
0.00203373 0.000658861 0
0.000105371 9.1706e-05 0
0.000396353 0.000226514 0
3.55844e-05 4.93378e-06 0
0.000348973 6.94048e-05 3.87281e-05
0.000200241 0 0
8.24641e-05 0 0
0.000759843 0 0
0.00250704 0.00238041 0.00123601
0.000410576 0.000191242 4.87377e-05
6.58163e-05 5.89275e-05 0
9.46329e-05 0 0
0.000199516 0.000109025 0
2.45451e-05 0 0
1.19132e-05 0 0
6.07471e-05 4.9381e-06 0
0.000785343 0.000734842 0
0.000486949 0 0
1.95584e-05 0 0
0.000215532 0.000160833 8.05999e-05
4.08545e-05 0 0
4.80476e-05 0 0
0.000756121 0.000443354 5.86866e-06
0.000150367 0 0
0.000507839 5.20778e-05 0
0.000351238 0.000110085 4.96014e-05
0.000148872 0 0
0.000242021 0.000124771 4.06175e-05
0.00169802 0.000260865 0
0.000628961 0 0
0.000111306 0 0
0.00227251 0.00176338 0.0012899
0.000238982 0 0
4.27114e-05 0 0
0.000100264 7.72659e-05 0
6.93917e-06 0 0
0.0013431 0 0
4.91471e-05 0 0
0.000100437 8.92621e-05 4.37594e-05
4.56465e-05 0 0
0.000138615 6.05581e-05 3.90294e-06
7.98941e-06 0 0
0.000847441 0 0
3.59367e-05 0 0
6.02054e-05 0 0
0.000156471 0 0
0.00038073 0 0
0.000306214 0.000203644 0
0.000165097 0 0
6.85902e-05 5.45952e-05 0
1.12957e-05 0 0
0.000345231 0 0
3.17958e-05 0 0
0.00740842 0 0
0.000968735 0 0
0.00163555 0 0
0.00113301 0 0
8.77766e-05 8.76351e-05 0
3.22332e-05 0 0
0.000595651 0.000531778 0.000120053
0.000162219 4.83901e-05 0
0.000208986 0 0
0.00017011 1.73797e-05 0
0.000756807 0 0
6.17259e-05 1.35557e-05 0
0.00059278 4.71741e-05 2.52438e-05
0.000334831 0 0
6.6703e-05 0 0
0.000208782 0.000122477 0
0.000144211 5.72673e-05 0
0.00030657 5.1228e-05 0
0.000484926 0.00026349 0
0.000348001 0 0
9.64722e-05 0 0
0.00238156 0.000564471 0
7.64224e-05 0 0
4.75145e-05 8.75073e-06 0
2.36566e-05 0 0
0.000903089 0.000709553 0.000387313
8.52959e-06 0 0
0.000128763 5.80803e-05 0
0.000525389 0.000196503 0
0.000300917 0 0
0.000357161 0 0
0.000255468 1.37842e-05 0
6.75638e-06 0 0
0.000214567 6.43542e-05 0
0.000778275 0.000612527 0
8.06844e-05 0 0
0.000376578 0 0
0.000271301 5.47788e-05 5.22151e-05
0.00375117 0.00198583 0
7.69913e-06 0 0
0.000912321 0.000149174 5.23352e-05
0.000110126 6.14393e-05 0
0.00196261 0.000336394 0
4.07943e-05 0 0
0.000319215 0.000116713 0
0.000606104 0.000383916 4.66079e-05
2.68213e-06 0 0
0.000218677 7.92924e-05 0
0.00218454 0 0
0.000708357 0.000173499 0
9.18236e-05 0 0
0.000176155 0 0
0.000220209 0 0
0.00069026 0.000400444 0.000100655
3.18426e-05 0 0
0.000421738 0.000217496 0.00012675
0.000115446 0 0
0.000177804 0.000106961 0
0.00117912 0.000178479 0
0.00146079 0.000121803 8.05777e-05
0.000124475 0 0
0.000110684 0 0
0.000364487 0 0
0.000382649 5.4114e-05 0
0.000965972 7.38407e-06 0
8.29349e-05 5.20243e-05 0
0.000176198 0 0
0.000301192 0 0
0.000186261 0 0
0.000937845 0 0
0.00011473 0 0
0.000545001 0 0
0.00117478 0 0
0.00196858 0.000510088 0.000145162
0.000597528 0 0
2.75441e-05 0 0
0.000369902 0 0
0.000280784 0 0
0.000188801 0.000143316 0
0.000317345 0 0
9.58121e-05 0 0
4.54354e-05 0 0
0.000382462 0 0
0.000480843 0.000198008 0
3.78612e-05 0 0
0.000113004 4.25423e-05 0
0.0002323 0.000149212 0
0.00057955 0.000311974 0
0.000279443 5.25393e-05 0
0.000463571 0 0
0.000101742 0 0
0.000634101 6.876e-05 0
0.0003598 0.000130686 6.43228e-06
0.000177878 0 0
0.000233178 9.78695e-05 0
1.0078e-05 0 0
0.000125399 0 0
0.00136064 0.00117847 0.00037378
0.000324826 0.000181497 0.000126439
0.000459317 0 0
8.46897e-05 0 0
0.00172008 0 0
0.000181028 0 0
3.86006e-05 3.56234e-05 2.11444e-05
0.000349073 0.000247545 6.63629e-06
0.000758847 0.000294983 0
0.000416181 0.000287439 0
0.000700573 0 0
1.41463e-05 0 0
1.88891e-05 0 0
0.000221756 0.000183634 0
0.00228331 0.00025054 7.17554e-05
0.000166542 0 0
3.23006e-05 0 0
0.0003298 0.000142369 0
0.00046716 0 0
0.000120109 0 0
0.000154772 4.94085e-05 0
0.000141084 8.35099e-05 0
0.000135035 0 0
0.000106105 0 0
0.000114806 8.89681e-05 0
0.00255047 0.000579272 0.000139843
2.66946e-05 2.56086e-05 0
0.00041616 0 0
0.000188492 0.000188393 6.49638e-05
4.1789e-05 0 0
0.00044743 2.99316e-05 0
0.000120482 0 0
0.000341845 3.85541e-05 0
0.000293886 0 0
0.00150142 0 0
0.000151055 0 0
3.66554e-05 1.22364e-05 0
0.00157354 0.000165168 0
0.000218646 0 0
0.000195559 0 0
0.00012319 0 0
0.000244805 0 0
0.000405542 0.00030162 0
0.000104341 0 0
0.000129548 0 0
0.000805334 0 0
0.000181013 0 0
0.00154328 0.000437749 0
0.000296977 0.000230945 2.48046e-05
0.000187551 2.19072e-05 0
1.22812e-05 0 0
0.000480018 0 0
0.000305045 7.05093e-05 0
0.00012797 7.13229e-05 0
0.000842166 1.49308e-05 0
0.00151302 0.000236719 4.689e-05
0.00155813 0.000903278 0
0.000208397 0.00013972 7.91024e-05
0.000911703 0.000601102 0.00019625
0.000262424 0 0
0.00131992 0 0
0.000230062 0 0
0.00037141 3.86486e-06 0
0.000352149 0.000322232 6.24174e-05
0.000702268 0 0
3.74325e-05 1.03149e-06 0
0.00023131 4.53222e-05 0
0.000232877 0.000195823 8.62757e-05
0.000148662 0 0
3.68668e-05 0 0
0.000153356 0 0
0.00161954 0.000115117 3.70841e-05
0.00120022 0.000342365 0
0.000213433 0 0
0.000211577 7.18098e-06 0
0.000177027 1.82302e-05 1.37602e-05
0.000131314 0 0
7.80167e-05 0 0
0.000236668 0.000100648 1.56585e-05
0.00323683 0.000138437 0
0.000156543 6.55434e-05 0
0.000335795 5.0227e-05 0
0.000623004 0 0
0.000165013 0 0
0.000224867 0.000217739 0
0.000271711 2.02675e-06 0
0.000359479 5.59895e-05 0
0.000106218 4.42365e-05 0
0.000195377 0 0
0.0003324 0 0
0.000336296 0.000148419 0
0.00305807 0.000159437 4.66116e-06
0.000363685 0 0
0.00110792 0.000158542 0
0.000124547 0 0
0.000679971 0.000226112 0.000221606
0.000112078 1.62043e-05 0
0.00012433 3.5045e-05 0
0.000166731 2.44461e-05 0
0.000151429 0 0
0.000426604 0.000174395 0
0.00015698 0 0
0.0005795 0.000457102 2.96694e-05
0.000242693 0 0
0.00107936 0 0
0.000266076 0 0
0.000105044 0 0
0.0003549 0 0
6.40031e-05 0 0
0.000146826 0.000142645 0
0.00097551 0.000165399 0
8.23945e-05 0 0
0.00024143 0 0
7.16964e-05 6.08649e-05 0
3.29349e-05 0 0
1.10346e-05 0 0
0.000845309 2.41113e-05 0
0.000163349 3.24618e-05 0
9.34434e-05 0 0
7.09842e-05 5.85828e-05 0
9.7748e-05 0 0
8.4936e-05 0 0
0.000374255 0 0
2.51635e-05 0 0
5.02581e-05 0 0
0.000104727 9.05502e-05 0
0.000510226 0 0
3.87055e-05 8.93702e-06 0
0.000598366 0.000291746 0
3.51714e-05 0 0
2.78994e-05 0 0
0.000130115 0 0
0.00070268 0.000661224 0.00034922
0.000550544 0 0
8.55542e-05 1.14206e-05 0
0.000299252 4.9463e-06 0
0.000164323 0 0
0.00103582 0.000306309 0
0.00016147 0 0
0.000744273 0.000358752 0
0.000256217 1.08709e-05 0
0.000126624 0.00010728 9.76958e-05
0.000449325 0 0
0.000186965 9.02319e-05 0
0.000339436 0 0
0.000240777 8.56545e-05 1.50598e-05
0.00166365 0 0
0.000147099 1.02784e-05 0
2.35615e-05 0 0
1.06107e-05 1.00601e-05 0
0.000385023 0.000153603 0.00012329
0.000192952 4.70812e-05 1.64574e-05
0.000295207 1.27817e-05 0
2.53861e-05 0 0
2.68573e-05 0 0
8.16675e-05 0 0
0.000487577 0.000109346 0
0.0011155 6.1599e-05 0
0.000305531 6.09309e-05 0
0.000511771 0.000492071 5.99438e-05
0.000181363 0 0
2.67022e-05 0 0
0.00020692 0 0
5.55458e-05 4.52256e-05 0
0.000140134 1.99267e-05 0
1.74964e-05 0 0
2.1192e-05 0 0
0.000172574 0.000162236 0
0.000599033 0.000332666 0
0.000181575 4.15808e-05 0
5.1472e-05 4.9286e-05 0
0.00113998 0 0
6.22424e-05 0 0
0.000524197 0 0
8.84029e-05 0 0
0.000309858 0.000126134 0
6.24049e-05 5.62336e-05 0
0.000546083 0.000141531 0
0.000159604 0 0
0.000529885 0 0
0.000187487 0 0
0.0201548 0 0
0.000221736 0.000179467 0.000146588
4.71562e-05 0 0
0.00936047 7.89182e-05 2.95792e-05
0.000486196 0.000283701 0.000184977
0.000102752 0 0
8.96119e-05 0 0
0.00048792 0 0
0.000148871 2.6169e-05 0
1.00434e-05 0 0
0.000388608 0.000208532 3.40431e-05
0.000250112 6.83185e-05 0
7.07637e-05 0 0
7.08385e-05 0 0
3.09227e-05 0 0
0.000374531 0.000153085 0
0.000272433 0 0
0.000213563 0.000101113 8.57764e-05
5.61439e-05 0 0
0.000237201 3.74785e-05 0
0.000215426 0.000155055 0
1.81681e-06 0 0
6.75819e-05 0 0
0.000134971 1.20308e-05 0
5.26564e-05 3.84997e-05 0
0.000196418 0 0
0.000684095 0 0
0.000780712 9.50831e-05 6.11425e-06
0.000486415 6.21764e-05 0
0.000135875 8.60277e-05 0
0.00017556 0 0
0.000572273 4.03195e-06 0
7.46621e-05 3.77657e-05 2.26824e-05
0.000138017 0.000102001 0
1.80503e-05 0 0
9.39813e-05 0 0
0.000156075 0 0
8.81006e-05 0 0
4.10043e-05 0 0
0.000974607 0.000210315 0
5.37702e-06 0 0
0.00305719 8.31222e-05 0
8.18658e-05 0 0
0.000128675 0.000118581 6.45418e-05
5.02812e-05 4.11331e-05 0
0.000367297 0.000245405 0
0.000662334 0 0
0.000315715 0.000245136 0
0.000510289 0 0
3.28325e-05 0 0
0.00662308 0 0
0.000332718 0 0
0.00120736 0.000538642 0
0.000232861 0 0
0.000182168 0.000105916 0
0.000148025 5.34386e-05 0
0.000130911 0 0
0.000530111 0.000327948 0
0.000147992 0 0
0.000508702 0.000178885 0
0.00064978 0.00021056 0
0.000166071 0 0
0.000491266 5.06484e-05 0
0.000441199 0.000128902 0
0.000284756 0 0
5.97058e-05 1.64325e-05 4.13756e-07
0.000214993 1.14613e-05 0
0.000533937 7.08194e-05 2.08429e-05
0.00100202 3.31591e-05 0
0.000574314 0.000220302 0
0.00031616 0 0
0.00022774 9.36279e-05 0
6.44928e-05 2.94508e-05 0
8.12118e-05 5.20193e-05 0
0.000208754 0 0
0.0076479 8.63799e-05 5.63401e-05
0.000237738 7.42685e-05 0
6.4055e-05 0 0
0.0005806 5.51478e-05 0
6.85923e-05 1.44165e-05 0
0.000465807 0.000197628 1.32196e-05
3.78738e-05 2.83078e-05 0
6.15685e-05 0 0
0.000141609 0 0
3.692e-05 0 0
0.000129557 0 0
0.00014903 3.82149e-05 0
0.000471397 0 0
0.000195957 0 0
0.000400522 0 0
0.00621091 2.41363e-05 0
9.03797e-05 8.82359e-06 0
0.000405402 0.000289443 0
0.000257232 0.000102201 0
0.000318059 0 0
0.000194381 6.04118e-05 0
0.000700247 0 0
0.000262279 0.0001143 0
0.000476294 0.000277304 0
6.08708e-05 5.79409e-05 3.45424e-05
0.000522499 0 0
0.000254507 0.000235805 8.37416e-06
0.000572219 0 0
0.000394368 6.72308e-05 0
0.000274417 0.000114486 6.05979e-05
0.000754411 6.32724e-05 0
6.48327e-05 0 0
0.0025238 2.39488e-05 1.02497e-05
4.52665e-05 3.81854e-06 0
0.00037671 0 0
3.1934e-05 0 0
0.000801643 0.000685152 0.000559048
3.73497e-05 1.44215e-05 0
0.000349797 0 0
0.000201753 0.000197134 0
0.000163525 0.000129431 0
0.000370822 0 0
0.000448975 0.000153885 0
0.000107581 0 0
2.68302e-05 0 0
0.0024807 0.000337108 0
7.28194e-05 0 0
3.27869e-05 0 0
0.00020463 9.62651e-05 0
0.000473887 9.12314e-05 8.03084e-05
0.000169152 0.000117687 0
0.000159881 0 0
0.00030137 0.000122926 0
0.000531637 0.000139743 9.47874e-05
0.000347362 0 0
0.000710073 0.000160461 0
0.000291985 0 0
2.13437e-05 4.57881e-06 0
0.000196081 3.03777e-05 0
0.00022092 0 0
0.000464571 2.59262e-05 0
2.19082e-05 0 0
0.00080574 0.000545022 0
0.000652141 1.93136e-05 0
0.000285009 2.17906e-05 0
0.000291288 0.00024955 3.5453e-05
0.000165438 0 0
5.77426e-05 0 0
5.82048e-06 0 0
0.000316423 0.000248124 3.31143e-05
0.000157239 0 0
0.000131007 0 0
7.94394e-05 0 0
0.000137849 0 0
0.000124562 0 0
0.000141585 0 0
6.96689e-05 0 0
7.51637e-05 0 0
2.57316e-05 0 0
2.95979e-05 0 0
0.000192198 0 0
0.000249464 0 0
0.000505838 5.86676e-05 5.10246e-05
0.000588024 0 0
7.00442e-06 0 0
0.000638075 0 0
0.00011385 0 0
0.000795533 8.73546e-05 0
0.000188822 3.29299e-05 0
0.000142623 0 0
0.000420287 0 0
0.000494724 4.78895e-05 0
0.000276133 0.000217349 0
2.18667e-05 0 0
4.59087e-05 0 0
7.88874e-05 0 0
0.000184299 3.83124e-05 3.79844e-05
0.000318654 6.99541e-06 0
0.000210445 0 0
0.000211312 5.59052e-05 0
6.45246e-05 0 0
0.000557353 0.00028264 0
0.000401634 0 0
0.000138389 0 0
6.02426e-05 2.29351e-06 0
0.00021042 0 0
0.000749771 4.39947e-06 0
0.000607971 0 0
0.000115702 6.25619e-05 0
0.000353495 0 0
0.000542299 5.44328e-05 0
0.000138203 0 0
0.000682942 0.000319443 0.000242319
0.00062232 0 0
0.00137057 0.000376707 7.56478e-05
0.0197073 0 0
0.000396444 0.000156892 4.0206e-05
0.000173833 0 0
0.000133056 4.5175e-05 0
0.00028394 0 0
0.000621675 0 0
0.000102846 0 0
0.000711837 2.40579e-05 2.08556e-05
0.00106598 0 0
0.000100451 0 0
0.000125267 2.50202e-06 0
0.000296167 0.000239481 5.27036e-05
0.00023779 0 0
0.000154323 0 0
3.87442e-05 0 0
0.000530646 0 0
0.000189455 8.06558e-05 0
0.000727987 0 0
7.11549e-05 0 0
0.000479976 0.000128499 0
0.000187832 2.74138e-08 0
0.00160085 0.000221156 0.000118808
0.00580039 0 0
0.00120403 5.17418e-05 0
2.35043e-05 0 0
0.000222107 9.92293e-05 0
0.000121066 5.36176e-05 0
0.000253499 0 0
0.000309043 8.2673e-05 0
6.41862e-05 0 0
0.000466768 2.22074e-05 3.42394e-06
1.14823e-05 0 0
0.000408965 0 0
0.000469454 0.00025935 0
0.000367557 0 0
4.27071e-07 0 0
0.000116452 8.42753e-05 6.75278e-05
7.52455e-05 0 0
0.000191305 0 0
0.000264324 0.000107582 0
0.000637863 0 0
0.000110094 9.97613e-05 0
0.000116305 0 0
0.000758303 6.99705e-05 0
0.000124727 8.05675e-05 0
0.0002321 0 0
0.000543358 0 0
6.62757e-05 0 0
2.5024e-05 0 0
0.000472189 0 0
7.42793e-06 0 0
1.11168e-05 0 0
0.000857601 0.000318144 0
0.000963078 0 0
3.22856e-05 0 0
0.000169429 0.000127116 0
0.000205154 4.79711e-05 0
0.000101231 0 0
0.000255661 5.66109e-05 0
3.16457e-05 0 0
0.00582651 0.00147694 0
0.000180215 0.000172638 3.50997e-05
0.000344283 1.12359e-05 0
0.000585806 0.000405686 0.000159029
0.00546987 0.00444693 2.44708e-05
0.000902364 0.000509238 0
0.00018588 0 0
0.000166677 0.000108401 3.30172e-05
0.000580467 6.8275e-05 0
2.567e-05 0 0
0.000254996 0.000111441 0
5.35479e-05 4.02805e-05 0
8.45e-05 3.20029e-05 0
6.00636e-06 0 0
0.00508658 0.00498572 0
1.87142e-06 0 0
8.75531e-05 3.13802e-05 2.72841e-05
9.10784e-05 0 0
8.19594e-05 2.54736e-05 0
9.98144e-05 0 0
0.000617036 0.000288289 0
0.000411754 7.50926e-05 0
0.000189361 3.22778e-05 1.69523e-05
0.000237404 0 0
0.000243481 0 0
0.000194172 0 0
0.000252071 0 0
0.000411415 0.000139134 0
0.000884515 0 0
7.14872e-05 8.46183e-06 0
0.000329224 0 0
0.000194323 0.000140452 0
0.000663619 8.47235e-06 0
0.000436436 9.36442e-05 6.35439e-05
0.000446194 0.000238312 2.31435e-05
0.000120453 5.3069e-05 0
0.0020153 0 0
0.00034491 1.47551e-05 0
1.73169e-07 0 0
0.00157279 0 0
0.000152444 0 0
0.000302179 0 0
0.000388163 0 0
0.000198171 0 0
1.90685e-05 0 0
0.000611592 0 0
0.000107602 3.16937e-05 0
0.000717492 2.46993e-05 7.43439e-06
0.000515622 8.88472e-05 0
3.86393e-05 0 0
0.00571259 0 0
0.000245139 0.000155217 0.000104969
0.000100025 0 0
0.00028912 0 0
0.000109345 1.98382e-05 0
0.000142902 1.02721e-05 0
0.000160075 1.27766e-05 0
8.13945e-05 0 0
0.00028489 0.000137617 0
3.63679e-06 0 0
4.53848e-05 4.5209e-05 4.19298e-06
0.000588192 0.000304916 8.20599e-05
0.000114541 0 0
9.55791e-05 0 0
0.000831375 0.000414951 0
0.000237407 0.000193031 9.54166e-05
0.000145946 0 0
7.80467e-05 0 0
0.000922706 0 0
2.75112e-05 3.26002e-06 0
0.000756871 3.37127e-05 0
0.000514561 0 0
0.000149086 0 0
0.000861077 0.00017492 0
0.000458763 0.000384804 0
0.000170268 3.23048e-05 0
0.000116251 5.04865e-05 0
0.000520542 2.44468e-05 1.55287e-05
2.34967e-05 0 0
0.000311089 0 0
5.24761e-05 4.33523e-05 0
0.000604027 0 0
0.000589574 0.000111369 0
0.000365422 0.000261581 0
0.000533436 7.19686e-05 0
7.91564e-05 0 0
3.92684e-06 0 0
6.09901e-05 2.15951e-05 0
0.000106005 0 0
0.000257537 6.89074e-05 0
0.000175977 0 0
0.000126516 2.43257e-05 0
7.02875e-05 0 0
6.27415e-06 0 0
1.1712e-05 0 0
0.000382578 0.000130736 0
3.4488e-05 0 0
8.816e-05 0 0
0.00024604 8.73589e-05 0
0.000185041 0 0
0.000528597 0.000339186 0.000199364
0.0001848 0 0
0.000426334 0.000104486 0
0.000381397 5.66561e-05 0
0.000253622 8.84017e-05 0
0.00015481 6.6082e-05 3.2056e-05
0.00107511 0.000303001 0
0.000142951 0 0
0.000143192 0 0
0.000134862 0.000121905 0
0.000173117 2.02379e-05 0
0.000112062 0 0
0.000282049 0 0
0.000162235 3.62561e-05 0
0.000208518 0.000131134 2.45603e-05
0.000142601 0 0
0.000122956 0 0
0.000929318 0.000173167 5.23758e-05
0.000100831 0 0
8.31697e-05 4.84666e-05 0
0.000496816 0 0
0.000329373 0.000191264 0
9.42315e-05 0 0
0.00107557 0.000350196 3.97921e-05
5.66335e-05 1.88387e-05 0
0.000224211 9.08212e-06 0
0.000176535 8.82981e-05 0
0.000156796 1.12625e-05 0
0.000341656 0.000267218 3.40442e-05
0.00367876 0.0021451 0
0.000203451 0.000184025 0
3.96273e-05 0 0
1.06509e-05 0 0
3.23697e-05 0 0
1.33317e-05 0 0
9.14e-05 0 0
0.00040571 0 0
0.000115909 0 0
0.000130775 5.02915e-05 0
0.000117875 0 0
0.000654321 0.000595444 0
0.000243608 2.4108e-05 0
0.000433797 0 0
5.9373e-06 0 0
0.000112912 3.52898e-05 0
0.000120199 0.000106129 0
0.000232197 0 0
1.43908e-05 0 0
0.000344605 0 0
3.08992e-05 0 0
0.000192921 0 0
0.00021996 4.73746e-05 0
0.000228772 0.000114735 0
4.25568e-05 0 0
0.00114696 0 0
0.000250564 0.000111912 0
4.78277e-05 4.49101e-05 0
7.63474e-05 4.87883e-05 0
0.00041721 0 0
9.93932e-05 3.46285e-05 0
0.00030981 0 0
0.000132846 0 0
6.89095e-05 5.48148e-06 0
0.00104031 0 0
0.00118152 0 0
0.000482285 4.91589e-05 0
3.33775e-05 0 0
0.000105779 6.8729e-05 5.9648e-05
3.26338e-05 0 0
0.000229709 6.71134e-06 0
0.000162354 0 0
